E[0,0,0,0] = 4.74157192
E[0,0,0,1] = 0.14154290
E[0,0,0,3] = 0.14154290
E[0,0,0,6] = 0.14154290
E[0,0,0,7] = 0.24844387
E[0,0,0,8] = 0.24844387
E[0,0,1,0] = 0.14154290
E[0,0,1,1] = 0.92611684
E[0,0,1,3] = 0.30870561
E[0,0,1,6] = 0.30870561
E[0,0,1,7] = 0.34643180
E[0,0,1,8] = 0.34643180
E[0,0,2,2] = 0.92611684
E[0,0,3,0] = 0.14154290
E[0,0,3,1] = 0.30870561
E[0,0,3,3] = 0.92611684
E[0,0,3,6] = 0.30870561
E[0,0,3,7] = 0.28833358
E[0,0,3,8] = 0.28833358
E[0,0,4,4] = 0.92611684
E[0,0,4,7] = 0.06689361
E[0,0,4,8] = -0.06689361
E[0,0,5,5] = 0.92611684
E[0,0,6,0] = 0.14154290
E[0,0,6,1] = 0.30870561
E[0,0,6,3] = 0.30870561
E[0,0,6,6] = 0.92611684
E[0,0,6,7] = 0.31400709
E[0,0,6,8] = 0.31400709
E[0,0,7,0] = 0.24844387
E[0,0,7,1] = 0.34643180
E[0,0,7,3] = 0.28833358
E[0,0,7,4] = 0.06689361
E[0,0,7,6] = 0.31400709
E[0,0,7,7] = 0.54487850
E[0,0,7,8] = 0.35590876
E[0,0,8,0] = 0.24844387
E[0,0,8,1] = 0.34643180
E[0,0,8,3] = 0.28833358
E[0,0,8,4] = -0.06689361
E[0,0,8,6] = 0.31400709
E[0,0,8,7] = 0.35590876
E[0,0,8,8] = 0.54487850
E[0,1,0,0] = 0.14154290
E[0,1,0,1] = 0.00800053
E[0,1,0,3] = 0.00712886
E[0,1,0,6] = 0.00712886
E[0,1,0,7] = 0.01011287
E[0,1,0,8] = 0.01011287
E[0,1,1,0] = 0.00800053
E[0,1,1,1] = 0.06707647
E[0,1,1,3] = 0.02117580
E[0,1,1,6] = 0.02117580
E[0,1,1,7] = 0.02444130
E[0,1,1,8] = 0.02444130
E[0,1,2,2] = 0.06352741
E[0,1,3,0] = 0.00712886
E[0,1,3,1] = 0.02117580
E[0,1,3,3] = 0.05997834
E[0,1,3,6] = 0.01999278
E[0,1,3,7] = 0.01883777
E[0,1,3,8] = 0.01883777
E[0,1,4,4] = 0.06352741
E[0,1,4,7] = 0.00463699
E[0,1,4,8] = -0.00463699
E[0,1,5,5] = 0.05997834
E[0,1,6,0] = 0.00712886
E[0,1,6,1] = 0.02117580
E[0,1,6,3] = 0.01999278
E[0,1,6,6] = 0.05997834
E[0,1,6,7] = 0.02054861
E[0,1,6,8] = 0.02054861
E[0,1,7,0] = 0.01011287
E[0,1,7,1] = 0.02444130
E[0,1,7,3] = 0.01883777
E[0,1,7,4] = 0.00463699
E[0,1,7,6] = 0.02054861
E[0,1,7,7] = 0.03720057
E[0,1,7,8] = 0.02422157
E[0,1,8,0] = 0.01011287
E[0,1,8,1] = 0.02444130
E[0,1,8,3] = 0.01883777
E[0,1,8,4] = -0.00463699
E[0,1,8,6] = 0.02054861
E[0,1,8,7] = 0.02422157
E[0,1,8,8] = 0.03720057
E[0,2,0,2] = 0.00130750
E[0,2,1,2] = 0.00532360
E[0,2,2,0] = 0.00130750
E[0,2,2,1] = 0.00532360
E[0,2,2,3] = 0.00532360
E[0,2,2,6] = 0.00177453
E[0,2,2,7] = 0.00236434
E[0,2,2,8] = 0.00236434
E[0,2,3,2] = 0.00532360
E[0,2,4,5] = 0.00307358
E[0,2,5,4] = 0.00307358
E[0,2,5,7] = 0.00015529
E[0,2,5,8] = -0.00015529
E[0,2,6,2] = 0.00177453
E[0,2,7,2] = 0.00236434
E[0,2,7,5] = 0.00015529
E[0,2,8,2] = 0.00236434
E[0,2,8,5] = -0.00015529
E[0,3,0,0] = 0.14154290
E[0,3,0,1] = 0.00712886
E[0,3,0,3] = 0.00800053
E[0,3,0,6] = 0.00712886
E[0,3,0,7] = 0.01008871
E[0,3,0,8] = 0.01008871
E[0,3,1,0] = 0.00712886
E[0,3,1,1] = 0.05997834
E[0,3,1,3] = 0.02117580
E[0,3,1,6] = 0.01999278
E[0,3,1,7] = 0.02262148
E[0,3,1,8] = 0.02262148
E[0,3,2,2] = 0.06352741
E[0,3,3,0] = 0.00800053
E[0,3,3,1] = 0.02117580
E[0,3,3,3] = 0.06707647
E[0,3,3,6] = 0.02117580
E[0,3,3,7] = 0.02018040
E[0,3,3,8] = 0.02018040
E[0,3,4,4] = 0.05997834
E[0,3,4,7] = 0.00444618
E[0,3,4,8] = -0.00444618
E[0,3,5,5] = 0.06352741
E[0,3,6,0] = 0.00712886
E[0,3,6,1] = 0.01999278
E[0,3,6,3] = 0.02117580
E[0,3,6,6] = 0.05997834
E[0,3,6,7] = 0.02046633
E[0,3,6,8] = 0.02046633
E[0,3,7,0] = 0.01008871
E[0,3,7,1] = 0.02262148
E[0,3,7,3] = 0.02018040
E[0,3,7,4] = 0.00444618
E[0,3,7,6] = 0.02046633
E[0,3,7,7] = 0.03646241
E[0,3,7,8] = 0.02363526
E[0,3,8,0] = 0.01008871
E[0,3,8,1] = 0.02262148
E[0,3,8,3] = 0.02018040
E[0,3,8,4] = -0.00444618
E[0,3,8,6] = 0.02046633
E[0,3,8,7] = 0.02363526
E[0,3,8,8] = 0.03646241
E[0,4,0,4] = 0.00130750
E[0,4,0,7] = 0.00002781
E[0,4,0,8] = -0.00002781
E[0,4,1,4] = 0.00532360
E[0,4,1,7] = 0.00028047
E[0,4,1,8] = -0.00028047
E[0,4,2,5] = 0.00307358
E[0,4,3,4] = 0.00177453
E[0,4,3,7] = 0.00008965
E[0,4,3,8] = -0.00008965
E[0,4,4,0] = 0.00130750
E[0,4,4,1] = 0.00532360
E[0,4,4,3] = 0.00177453
E[0,4,4,6] = 0.00532360
E[0,4,4,7] = 0.00248081
E[0,4,4,8] = 0.00248081
E[0,4,5,2] = 0.00307358
E[0,4,6,4] = 0.00532360
E[0,4,6,7] = 0.00027405
E[0,4,6,8] = -0.00027405
E[0,4,7,0] = 0.00002781
E[0,4,7,1] = 0.00028047
E[0,4,7,3] = 0.00008965
E[0,4,7,4] = 0.00248081
E[0,4,7,6] = 0.00027405
E[0,4,7,7] = 0.00084991
E[0,4,8,0] = -0.00002781
E[0,4,8,1] = -0.00028047
E[0,4,8,3] = -0.00008965
E[0,4,8,4] = 0.00248081
E[0,4,8,6] = -0.00027405
E[0,4,8,8] = -0.00084991
E[0,5,0,5] = 0.00130750
E[0,5,1,5] = 0.00177453
E[0,5,2,4] = 0.00307358
E[0,5,2,7] = 0.00015529
E[0,5,2,8] = -0.00015529
E[0,5,3,5] = 0.00532360
E[0,5,4,2] = 0.00307358
E[0,5,5,0] = 0.00130750
E[0,5,5,1] = 0.00177453
E[0,5,5,3] = 0.00532360
E[0,5,5,6] = 0.00532360
E[0,5,5,7] = 0.00223397
E[0,5,5,8] = 0.00223397
E[0,5,6,5] = 0.00532360
E[0,5,7,2] = 0.00015529
E[0,5,7,5] = 0.00223397
E[0,5,8,2] = -0.00015529
E[0,5,8,5] = 0.00223397
E[0,6,0,0] = 0.14154290
E[0,6,0,1] = 0.00712886
E[0,6,0,3] = 0.00712886
E[0,6,0,6] = 0.00800053
E[0,6,0,7] = 0.01009939
E[0,6,0,8] = 0.01009939
E[0,6,1,0] = 0.00712886
E[0,6,1,1] = 0.05997834
E[0,6,1,3] = 0.01999278
E[0,6,1,6] = 0.02117580
E[0,6,1,7] = 0.02266031
E[0,6,1,8] = 0.02266031
E[0,6,2,2] = 0.05997834
E[0,6,3,0] = 0.00712886
E[0,6,3,1] = 0.01999278
E[0,6,3,3] = 0.05997834
E[0,6,3,6] = 0.02117580
E[0,6,3,7] = 0.01879431
E[0,6,3,8] = 0.01879431
E[0,6,4,4] = 0.06352741
E[0,6,4,7] = 0.00463057
E[0,6,4,8] = -0.00463057
E[0,6,5,5] = 0.06352741
E[0,6,6,0] = 0.00800053
E[0,6,6,1] = 0.02117580
E[0,6,6,3] = 0.02117580
E[0,6,6,6] = 0.06707647
E[0,6,6,7] = 0.02206082
E[0,6,6,8] = 0.02206082
E[0,6,7,0] = 0.01009939
E[0,6,7,1] = 0.02266031
E[0,6,7,3] = 0.01879431
E[0,6,7,4] = 0.00463057
E[0,6,7,6] = 0.02206082
E[0,6,7,7] = 0.03678861
E[0,6,7,8] = 0.02363526
E[0,6,8,0] = 0.01009939
E[0,6,8,1] = 0.02266031
E[0,6,8,3] = 0.01879431
E[0,6,8,4] = -0.00463057
E[0,6,8,6] = 0.02206082
E[0,6,8,7] = 0.02363526
E[0,6,8,8] = 0.03678861
E[0,7,0,0] = 0.24844387
E[0,7,0,1] = 0.01011287
E[0,7,0,3] = 0.01008871
E[0,7,0,4] = 0.00002781
E[0,7,0,6] = 0.01009939
E[0,7,0,7] = 0.01552852
E[0,7,0,8] = 0.01544629
E[0,7,1,0] = 0.01011287
E[0,7,1,1] = 0.28007037
E[0,7,1,3] = 0.02491711
E[0,7,1,4] = 0.23640196
E[0,7,1,6] = 0.11560907
E[0,7,1,7] = 0.02874688
E[0,7,1,8] = 0.02850620
E[0,7,2,2] = 0.07475133
E[0,7,2,5] = 0.00008618
E[0,7,3,0] = 0.01008871
E[0,7,3,1] = 0.02491711
E[0,7,3,3] = 0.07462168
E[0,7,3,4] = 0.00004976
E[0,7,3,6] = 0.02489299
E[0,7,3,7] = 0.02347844
E[0,7,3,8] = 0.02328195
E[0,7,4,0] = 0.00002781
E[0,7,4,1] = 0.23640196
E[0,7,4,3] = 0.00004976
E[0,7,4,4] = 0.34682721
E[0,7,4,6] = 0.10454895
E[0,7,4,7] = 0.00606603
E[0,7,4,8] = -0.00538797
E[0,7,5,2] = 0.00008618
E[0,7,5,5] = 0.07467897
E[0,7,6,0] = 0.01009939
E[0,7,6,1] = 0.11560907
E[0,7,6,3] = 0.02489299
E[0,7,6,4] = 0.10454895
E[0,7,6,6] = 0.11480445
E[0,7,6,7] = 0.02580656
E[0,7,6,8] = 0.02520257
E[0,7,7,0] = 0.01552852
E[0,7,7,1] = 0.02874688
E[0,7,7,3] = 0.02347844
E[0,7,7,4] = 0.00606603
E[0,7,7,6] = 0.02580656
E[0,7,7,7] = 0.04530109
E[0,7,7,8] = 0.02927273
E[0,7,8,0] = 0.01544629
E[0,7,8,1] = 0.02850620
E[0,7,8,3] = 0.02328195
E[0,7,8,4] = -0.00538797
E[0,7,8,6] = 0.02520257
E[0,7,8,7] = 0.02927273
E[0,7,8,8] = 0.04446627
E[0,8,0,0] = 0.24844387
E[0,8,0,1] = 0.01011287
E[0,8,0,3] = 0.01008871
E[0,8,0,4] = -0.00002781
E[0,8,0,6] = 0.01009939
E[0,8,0,7] = 0.01544629
E[0,8,0,8] = 0.01552852
E[0,8,1,0] = 0.01011287
E[0,8,1,1] = 0.28007037
E[0,8,1,3] = 0.02491711
E[0,8,1,4] = -0.23640196
E[0,8,1,6] = 0.11560907
E[0,8,1,7] = 0.02850620
E[0,8,1,8] = 0.02874688
E[0,8,2,2] = 0.07475133
E[0,8,2,5] = -0.00008618
E[0,8,3,0] = 0.01008871
E[0,8,3,1] = 0.02491711
E[0,8,3,3] = 0.07462168
E[0,8,3,4] = -0.00004976
E[0,8,3,6] = 0.02489299
E[0,8,3,7] = 0.02328195
E[0,8,3,8] = 0.02347844
E[0,8,4,0] = -0.00002781
E[0,8,4,1] = -0.23640196
E[0,8,4,3] = -0.00004976
E[0,8,4,4] = 0.34682721
E[0,8,4,6] = -0.10454895
E[0,8,4,7] = 0.00538797
E[0,8,4,8] = -0.00606603
E[0,8,5,2] = -0.00008618
E[0,8,5,5] = 0.07467897
E[0,8,6,0] = 0.01009939
E[0,8,6,1] = 0.11560907
E[0,8,6,3] = 0.02489299
E[0,8,6,4] = -0.10454895
E[0,8,6,6] = 0.11480445
E[0,8,6,7] = 0.02520257
E[0,8,6,8] = 0.02580656
E[0,8,7,0] = 0.01544629
E[0,8,7,1] = 0.02850620
E[0,8,7,3] = 0.02328195
E[0,8,7,4] = 0.00538797
E[0,8,7,6] = 0.02520257
E[0,8,7,7] = 0.04446627
E[0,8,7,8] = 0.02927273
E[0,8,8,0] = 0.01552852
E[0,8,8,1] = 0.02874688
E[0,8,8,3] = 0.02347844
E[0,8,8,4] = -0.00606603
E[0,8,8,6] = 0.02580656
E[0,8,8,7] = 0.02927273
E[0,8,8,8] = 0.04530109
E[1,0,0,0] = 0.14154290
E[1,0,0,1] = 0.00800053
E[1,0,0,3] = 0.00712886
E[1,0,0,6] = 0.00712886
E[1,0,0,7] = 0.01011287
E[1,0,0,8] = 0.01011287
E[1,0,1,0] = 0.00800053
E[1,0,1,1] = 0.06707647
E[1,0,1,3] = 0.02117580
E[1,0,1,6] = 0.02117580
E[1,0,1,7] = 0.02444130
E[1,0,1,8] = 0.02444130
E[1,0,2,2] = 0.06352741
E[1,0,3,0] = 0.00712886
E[1,0,3,1] = 0.02117580
E[1,0,3,3] = 0.05997834
E[1,0,3,6] = 0.01999278
E[1,0,3,7] = 0.01883777
E[1,0,3,8] = 0.01883777
E[1,0,4,4] = 0.06352741
E[1,0,4,7] = 0.00463699
E[1,0,4,8] = -0.00463699
E[1,0,5,5] = 0.05997834
E[1,0,6,0] = 0.00712886
E[1,0,6,1] = 0.02117580
E[1,0,6,3] = 0.01999278
E[1,0,6,6] = 0.05997834
E[1,0,6,7] = 0.02054861
E[1,0,6,8] = 0.02054861
E[1,0,7,0] = 0.01011287
E[1,0,7,1] = 0.02444130
E[1,0,7,3] = 0.01883777
E[1,0,7,4] = 0.00463699
E[1,0,7,6] = 0.02054861
E[1,0,7,7] = 0.03720057
E[1,0,7,8] = 0.02422157
E[1,0,8,0] = 0.01011287
E[1,0,8,1] = 0.02444130
E[1,0,8,3] = 0.01883777
E[1,0,8,4] = -0.00463699
E[1,0,8,6] = 0.02054861
E[1,0,8,7] = 0.02422157
E[1,0,8,8] = 0.03720057
E[1,1,0,0] = 0.92611684
E[1,1,0,1] = 0.06707647
E[1,1,0,3] = 0.05997834
E[1,1,0,6] = 0.05997834
E[1,1,0,7] = 0.28007037
E[1,1,0,8] = 0.28007037
E[1,1,1,0] = 0.06707647
E[1,1,1,1] = 0.93010076
E[1,1,1,3] = 0.26768119
E[1,1,1,6] = 0.26768119
E[1,1,1,7] = 0.33566584
E[1,1,1,8] = 0.33566584
E[1,1,2,2] = 0.80304358
E[1,1,3,0] = 0.05997834
E[1,1,3,1] = 0.26768119
E[1,1,3,3] = 0.69873322
E[1,1,3,6] = 0.23291107
E[1,1,3,7] = 0.22660427
E[1,1,3,8] = 0.22660427
E[1,1,4,4] = 0.80304358
E[1,1,4,7] = 0.06420265
E[1,1,4,8] = -0.06420265
E[1,1,5,5] = 0.69873322
E[1,1,6,0] = 0.05997834
E[1,1,6,1] = 0.26768119
E[1,1,6,3] = 0.23291107
E[1,1,6,6] = 0.69873322
E[1,1,6,7] = 0.24835535
E[1,1,6,8] = 0.24835535
E[1,1,7,0] = 0.28007037
E[1,1,7,1] = 0.33566584
E[1,1,7,3] = 0.22660427
E[1,1,7,4] = 0.06420265
E[1,1,7,6] = 0.24835535
E[1,1,7,7] = 0.52430494
E[1,1,7,8] = 0.33921917
E[1,1,8,0] = 0.28007037
E[1,1,8,1] = 0.33566584
E[1,1,8,3] = 0.22660427
E[1,1,8,4] = -0.06420265
E[1,1,8,6] = 0.24835535
E[1,1,8,7] = 0.33921917
E[1,1,8,8] = 0.52430494
E[1,2,0,2] = 0.00532360
E[1,2,1,2] = 0.09529288
E[1,2,2,0] = 0.00532360
E[1,2,2,1] = 0.09529288
E[1,2,2,3] = 0.07823277
E[1,2,2,6] = 0.02607759
E[1,2,2,7] = 0.03997537
E[1,2,2,8] = 0.03997537
E[1,2,3,2] = 0.07823277
E[1,2,4,5] = 0.04516771
E[1,2,5,4] = 0.04516771
E[1,2,5,7] = 0.00326020
E[1,2,5,8] = -0.00326020
E[1,2,6,2] = 0.02607759
E[1,2,7,2] = 0.03997537
E[1,2,7,5] = 0.00326020
E[1,2,8,2] = 0.03997537
E[1,2,8,5] = -0.00326020
E[1,3,0,0] = 0.30870561
E[1,3,0,1] = 0.02117580
E[1,3,0,3] = 0.02117580
E[1,3,0,6] = 0.01999278
E[1,3,0,7] = 0.02491711
E[1,3,0,8] = 0.02491711
E[1,3,1,0] = 0.02117580
E[1,3,1,1] = 0.26768119
E[1,3,1,3] = 0.09301820
E[1,3,1,6] = 0.08343204
E[1,3,1,7] = 0.10092752
E[1,3,1,8] = 0.10092752
E[1,3,2,2] = 0.27905460
E[1,3,3,0] = 0.02117580
E[1,3,3,1] = 0.09301820
E[1,3,3,3] = 0.26768119
E[1,3,3,6] = 0.08343204
E[1,3,3,7] = 0.08278338
E[1,3,3,8] = 0.08278338
E[1,3,4,4] = 0.25029613
E[1,3,4,7] = 0.02003485
E[1,3,4,8] = -0.02003485
E[1,3,5,5] = 0.25029613
E[1,3,6,0] = 0.01999278
E[1,3,6,1] = 0.08343204
E[1,3,6,3] = 0.08343204
E[1,3,6,6] = 0.23291107
E[1,3,6,7] = 0.08220360
E[1,3,6,8] = 0.08220360
E[1,3,7,0] = 0.02491711
E[1,3,7,1] = 0.10092752
E[1,3,7,3] = 0.08278338
E[1,3,7,4] = 0.02003485
E[1,3,7,6] = 0.08220360
E[1,3,7,7] = 0.16741652
E[1,3,7,8] = 0.10741109
E[1,3,8,0] = 0.02491711
E[1,3,8,1] = 0.10092752
E[1,3,8,3] = 0.08278338
E[1,3,8,4] = -0.02003485
E[1,3,8,6] = 0.08220360
E[1,3,8,7] = 0.10741109
E[1,3,8,8] = 0.16741652
E[1,4,0,4] = 0.00532360
E[1,4,0,7] = 0.23640196
E[1,4,0,8] = -0.23640196
E[1,4,1,4] = 0.09529288
E[1,4,1,7] = 0.00717664
E[1,4,1,8] = -0.00717664
E[1,4,2,5] = 0.04516771
E[1,4,3,4] = 0.02607759
E[1,4,3,7] = 0.00188228
E[1,4,3,8] = -0.00188228
E[1,4,4,0] = 0.00532360
E[1,4,4,1] = 0.09529288
E[1,4,4,3] = 0.02607759
E[1,4,4,6] = 0.07823277
E[1,4,4,7] = 0.04252664
E[1,4,4,8] = 0.04252664
E[1,4,5,2] = 0.04516771
E[1,4,6,4] = 0.07823277
E[1,4,6,7] = 0.00577321
E[1,4,6,8] = -0.00577321
E[1,4,7,0] = 0.23640196
E[1,4,7,1] = 0.00717664
E[1,4,7,3] = 0.00188228
E[1,4,7,4] = 0.04252664
E[1,4,7,6] = 0.00577321
E[1,4,7,7] = 0.02539429
E[1,4,8,0] = -0.23640196
E[1,4,8,1] = -0.00717664
E[1,4,8,3] = -0.00188228
E[1,4,8,4] = 0.04252664
E[1,4,8,6] = -0.00577321
E[1,4,8,8] = -0.02539429
E[1,5,0,5] = 0.00177453
E[1,5,1,5] = 0.01437923
E[1,5,2,4] = 0.02490556
E[1,5,2,7] = 0.00177740
E[1,5,2,8] = -0.00177740
E[1,5,3,5] = 0.02607759
E[1,5,4,2] = 0.02490556
E[1,5,5,0] = 0.00177453
E[1,5,5,1] = 0.01437923
E[1,5,5,3] = 0.02607759
E[1,5,5,6] = 0.02607759
E[1,5,5,7] = 0.01243100
E[1,5,5,8] = 0.01243100
E[1,5,6,5] = 0.02607759
E[1,5,7,2] = 0.00177740
E[1,5,7,5] = 0.01243100
E[1,5,8,2] = -0.00177740
E[1,5,8,5] = 0.01243100
E[1,6,0,0] = 0.30870561
E[1,6,0,1] = 0.02117580
E[1,6,0,3] = 0.01999278
E[1,6,0,6] = 0.02117580
E[1,6,0,7] = 0.11560907
E[1,6,0,8] = 0.11560907
E[1,6,1,0] = 0.02117580
E[1,6,1,1] = 0.26768119
E[1,6,1,3] = 0.08343204
E[1,6,1,6] = 0.09301820
E[1,6,1,7] = 0.10139523
E[1,6,1,8] = 0.10139523
E[1,6,2,2] = 0.25029613
E[1,6,3,0] = 0.01999278
E[1,6,3,1] = 0.08343204
E[1,6,3,3] = 0.23291107
E[1,6,3,6] = 0.08343204
E[1,6,3,7] = 0.07523671
E[1,6,3,8] = 0.07523671
E[1,6,4,4] = 0.27905460
E[1,6,4,7] = 0.02215126
E[1,6,4,8] = -0.02215126
E[1,6,5,5] = 0.25029613
E[1,6,6,0] = 0.02117580
E[1,6,6,1] = 0.09301820
E[1,6,6,3] = 0.08343204
E[1,6,6,6] = 0.26768119
E[1,6,6,7] = 0.09124811
E[1,6,6,8] = 0.09124811
E[1,6,7,0] = 0.11560907
E[1,6,7,1] = 0.10139523
E[1,6,7,3] = 0.07523671
E[1,6,7,4] = 0.02215126
E[1,6,7,6] = 0.09124811
E[1,6,7,7] = 0.17109768
E[1,6,7,8] = 0.10741109
E[1,6,8,0] = 0.11560907
E[1,6,8,1] = 0.10139523
E[1,6,8,3] = 0.07523671
E[1,6,8,4] = -0.02215126
E[1,6,8,6] = 0.09124811
E[1,6,8,7] = 0.10741109
E[1,6,8,8] = 0.17109768
E[1,7,0,0] = 0.34643180
E[1,7,0,1] = 0.02444130
E[1,7,0,3] = 0.02262148
E[1,7,0,4] = 0.00028047
E[1,7,0,6] = 0.02266031
E[1,7,0,7] = 0.02874688
E[1,7,0,8] = 0.02850620
E[1,7,1,0] = 0.02444130
E[1,7,1,1] = 0.33566584
E[1,7,1,3] = 0.10092752
E[1,7,1,4] = 0.00717664
E[1,7,1,6] = 0.10139523
E[1,7,1,7] = 0.15103627
E[1,7,1,8] = 0.14577970
E[1,7,2,2] = 0.30278256
E[1,7,2,5] = 0.00338236
E[1,7,3,0] = 0.02262148
E[1,7,3,1] = 0.10092752
E[1,7,3,3] = 0.27208315
E[1,7,3,4] = 0.00195281
E[1,7,3,6] = 0.09096834
E[1,7,3,7] = 0.09561654
E[1,7,3,8] = 0.09310115
E[1,7,4,0] = 0.00028047
E[1,7,4,1] = 0.00717664
E[1,7,4,3] = 0.00195281
E[1,7,4,4] = 0.30418570
E[1,7,4,6] = 0.00589130
E[1,7,4,7] = 0.04200770
E[1,7,4,8] = -0.02606449
E[1,7,5,2] = 0.00338236
E[1,7,5,5] = 0.27290502
E[1,7,6,0] = 0.02266031
E[1,7,6,1] = 0.10139523
E[1,7,6,3] = 0.09096834
E[1,7,6,4] = 0.00589130
E[1,7,6,6] = 0.27373144
E[1,7,6,7] = 0.10794301
E[1,7,6,8] = 0.10015208
E[1,7,7,0] = 0.02874688
E[1,7,7,1] = 0.15103627
E[1,7,7,3] = 0.09561654
E[1,7,7,4] = 0.04200770
E[1,7,7,6] = 0.10794301
E[1,7,7,7] = 0.25900065
E[1,7,7,8] = 0.16121841
E[1,7,8,0] = 0.02850620
E[1,7,8,1] = 0.14577970
E[1,7,8,3] = 0.09310115
E[1,7,8,4] = -0.02606449
E[1,7,8,6] = 0.10015208
E[1,7,8,7] = 0.16121841
E[1,7,8,8] = 0.23692980
E[1,8,0,0] = 0.34643180
E[1,8,0,1] = 0.02444130
E[1,8,0,3] = 0.02262148
E[1,8,0,4] = -0.00028047
E[1,8,0,6] = 0.02266031
E[1,8,0,7] = 0.02850620
E[1,8,0,8] = 0.02874688
E[1,8,1,0] = 0.02444130
E[1,8,1,1] = 0.33566584
E[1,8,1,3] = 0.10092752
E[1,8,1,4] = -0.00717664
E[1,8,1,6] = 0.10139523
E[1,8,1,7] = 0.14577970
E[1,8,1,8] = 0.15103627
E[1,8,2,2] = 0.30278256
E[1,8,2,5] = -0.00338236
E[1,8,3,0] = 0.02262148
E[1,8,3,1] = 0.10092752
E[1,8,3,3] = 0.27208315
E[1,8,3,4] = -0.00195281
E[1,8,3,6] = 0.09096834
E[1,8,3,7] = 0.09310115
E[1,8,3,8] = 0.09561654
E[1,8,4,0] = -0.00028047
E[1,8,4,1] = -0.00717664
E[1,8,4,3] = -0.00195281
E[1,8,4,4] = 0.30418570
E[1,8,4,6] = -0.00589130
E[1,8,4,7] = 0.02606449
E[1,8,4,8] = -0.04200770
E[1,8,5,2] = -0.00338236
E[1,8,5,5] = 0.27290502
E[1,8,6,0] = 0.02266031
E[1,8,6,1] = 0.10139523
E[1,8,6,3] = 0.09096834
E[1,8,6,4] = -0.00589130
E[1,8,6,6] = 0.27373144
E[1,8,6,7] = 0.10015208
E[1,8,6,8] = 0.10794301
E[1,8,7,0] = 0.02850620
E[1,8,7,1] = 0.14577970
E[1,8,7,3] = 0.09310115
E[1,8,7,4] = 0.02606449
E[1,8,7,6] = 0.10015208
E[1,8,7,7] = 0.23692980
E[1,8,7,8] = 0.16121841
E[1,8,8,0] = 0.02874688
E[1,8,8,1] = 0.15103627
E[1,8,8,3] = 0.09561654
E[1,8,8,4] = -0.04200770
E[1,8,8,6] = 0.10794301
E[1,8,8,7] = 0.16121841
E[1,8,8,8] = 0.25900065
E[2,0,0,2] = 0.00130750
E[2,0,1,2] = 0.00532360
E[2,0,2,0] = 0.00130750
E[2,0,2,1] = 0.00532360
E[2,0,2,3] = 0.00532360
E[2,0,2,6] = 0.00177453
E[2,0,2,7] = 0.00236434
E[2,0,2,8] = 0.00236434
E[2,0,3,2] = 0.00532360
E[2,0,4,5] = 0.00307358
E[2,0,5,4] = 0.00307358
E[2,0,5,7] = 0.00015529
E[2,0,5,8] = -0.00015529
E[2,0,6,2] = 0.00177453
E[2,0,7,2] = 0.00236434
E[2,0,7,5] = 0.00015529
E[2,0,8,2] = 0.00236434
E[2,0,8,5] = -0.00015529
E[2,1,0,2] = 0.00532360
E[2,1,1,2] = 0.09529288
E[2,1,2,0] = 0.00532360
E[2,1,2,1] = 0.09529288
E[2,1,2,3] = 0.07823277
E[2,1,2,6] = 0.02607759
E[2,1,2,7] = 0.03997537
E[2,1,2,8] = 0.03997537
E[2,1,3,2] = 0.07823277
E[2,1,4,5] = 0.04516771
E[2,1,5,4] = 0.04516771
E[2,1,5,7] = 0.00326020
E[2,1,5,8] = -0.00326020
E[2,1,6,2] = 0.02607759
E[2,1,7,2] = 0.03997537
E[2,1,7,5] = 0.00326020
E[2,1,8,2] = 0.03997537
E[2,1,8,5] = -0.00326020
E[2,2,0,0] = 0.92611684
E[2,2,0,1] = 0.06352741
E[2,2,0,3] = 0.06352741
E[2,2,0,6] = 0.05997834
E[2,2,0,7] = 0.07475133
E[2,2,0,8] = 0.07475133
E[2,2,1,0] = 0.06352741
E[2,2,1,1] = 0.80304358
E[2,2,1,3] = 0.27905460
E[2,2,1,6] = 0.25029613
E[2,2,1,7] = 0.30278256
E[2,2,1,8] = 0.30278256
E[2,2,2,2] = 0.83716380
E[2,2,3,0] = 0.06352741
E[2,2,3,1] = 0.27905460
E[2,2,3,3] = 0.80304358
E[2,2,3,6] = 0.25029613
E[2,2,3,7] = 0.24835015
E[2,2,3,8] = 0.24835015
E[2,2,4,4] = 0.75088840
E[2,2,4,7] = 0.06010456
E[2,2,4,8] = -0.06010456
E[2,2,5,5] = 0.75088840
E[2,2,6,0] = 0.05997834
E[2,2,6,1] = 0.25029613
E[2,2,6,3] = 0.25029613
E[2,2,6,6] = 0.69873322
E[2,2,6,7] = 0.24661080
E[2,2,6,8] = 0.24661080
E[2,2,7,0] = 0.07475133
E[2,2,7,1] = 0.30278256
E[2,2,7,3] = 0.24835015
E[2,2,7,4] = 0.06010456
E[2,2,7,6] = 0.24661080
E[2,2,7,7] = 0.50224957
E[2,2,7,8] = 0.32223327
E[2,2,8,0] = 0.07475133
E[2,2,8,1] = 0.30278256
E[2,2,8,3] = 0.24835015
E[2,2,8,4] = -0.06010456
E[2,2,8,6] = 0.24661080
E[2,2,8,7] = 0.32223327
E[2,2,8,8] = 0.50224957
E[2,3,0,2] = 0.00532360
E[2,3,1,2] = 0.07823277
E[2,3,2,0] = 0.00532360
E[2,3,2,1] = 0.07823277
E[2,3,2,3] = 0.09529288
E[2,3,2,6] = 0.02607759
E[2,3,2,7] = 0.03841690
E[2,3,2,8] = 0.03841690
E[2,3,3,2] = 0.09529288
E[2,3,4,5] = 0.04516771
E[2,3,5,4] = 0.04516771
E[2,3,5,7] = 0.00321901
E[2,3,5,8] = -0.00321901
E[2,3,6,2] = 0.02607759
E[2,3,7,2] = 0.03841690
E[2,3,7,5] = 0.00321901
E[2,3,8,2] = 0.03841690
E[2,3,8,5] = -0.00321901
E[2,4,0,5] = 0.00307358
E[2,4,1,5] = 0.02490556
E[2,4,2,4] = 0.04313770
E[2,4,2,7] = 0.00307855
E[2,4,2,8] = -0.00307855
E[2,4,3,5] = 0.04516771
E[2,4,4,2] = 0.04313770
E[2,4,5,0] = 0.00307358
E[2,4,5,1] = 0.02490556
E[2,4,5,3] = 0.04516771
E[2,4,5,6] = 0.04516771
E[2,4,5,7] = 0.02153112
E[2,4,5,8] = 0.02153112
E[2,4,6,5] = 0.04516771
E[2,4,7,2] = 0.00307855
E[2,4,7,5] = 0.02153112
E[2,4,8,2] = -0.00307855
E[2,4,8,5] = 0.02153112
E[2,5,0,4] = 0.00307358
E[2,5,0,7] = 0.00008618
E[2,5,0,8] = -0.00008618
E[2,5,1,4] = 0.04516771
E[2,5,1,7] = 0.00338236
E[2,5,1,8] = -0.00338236
E[2,5,2,5] = 0.04313770
E[2,5,3,4] = 0.02490556
E[2,5,3,7] = 0.00173622
E[2,5,3,8] = -0.00173622
E[2,5,4,0] = 0.00307358
E[2,5,4,1] = 0.04516771
E[2,5,4,3] = 0.02490556
E[2,5,4,6] = 0.04516771
E[2,5,4,7] = 0.02360353
E[2,5,4,8] = 0.02360353
E[2,5,5,2] = 0.04313770
E[2,5,6,4] = 0.04516771
E[2,5,6,7] = 0.00329120
E[2,5,6,8] = -0.00329120
E[2,5,7,0] = 0.00008618
E[2,5,7,1] = 0.00338236
E[2,5,7,3] = 0.00173622
E[2,5,7,4] = 0.02360353
E[2,5,7,6] = 0.00329120
E[2,5,7,7] = 0.01368568
E[2,5,8,0] = -0.00008618
E[2,5,8,1] = -0.00338236
E[2,5,8,3] = -0.00173622
E[2,5,8,4] = 0.02360353
E[2,5,8,6] = -0.00329120
E[2,5,8,8] = -0.01368568
E[2,6,0,2] = 0.00177453
E[2,6,1,2] = 0.02607759
E[2,6,2,0] = 0.00177453
E[2,6,2,1] = 0.02607759
E[2,6,2,3] = 0.02607759
E[2,6,2,6] = 0.01437923
E[2,6,2,7] = 0.01305345
E[2,6,2,8] = 0.01305345
E[2,6,3,2] = 0.02607759
E[2,6,4,5] = 0.02490556
E[2,6,5,4] = 0.02490556
E[2,6,5,7] = 0.00175442
E[2,6,5,8] = -0.00175442
E[2,6,6,2] = 0.01437923
E[2,6,7,2] = 0.01305345
E[2,6,7,5] = 0.00175442
E[2,6,8,2] = 0.01305345
E[2,6,8,5] = -0.00175442
E[2,7,0,2] = 0.00236434
E[2,7,0,5] = 0.00015529
E[2,7,1,2] = 0.03997537
E[2,7,1,5] = 0.00177740
E[2,7,2,0] = 0.00236434
E[2,7,2,1] = 0.03997537
E[2,7,2,3] = 0.03841690
E[2,7,2,4] = 0.00307855
E[2,7,2,6] = 0.01305345
E[2,7,2,7] = 0.02840302
E[2,7,2,8] = 0.02641512
E[2,7,3,2] = 0.03841690
E[2,7,3,5] = 0.00321901
E[2,7,4,2] = 0.00307855
E[2,7,4,5] = 0.02260923
E[2,7,5,0] = 0.00015529
E[2,7,5,1] = 0.00177740
E[2,7,5,3] = 0.00321901
E[2,7,5,4] = 0.02260923
E[2,7,5,6] = 0.00323721
E[2,7,5,7] = 0.00856539
E[2,7,5,8] = -0.00326935
E[2,7,6,2] = 0.01305345
E[2,7,6,5] = 0.00323721
E[2,7,7,2] = 0.02840302
E[2,7,7,5] = 0.00856539
E[2,7,8,2] = 0.02641512
E[2,7,8,5] = -0.00326935
E[2,8,0,2] = 0.00236434
E[2,8,0,5] = -0.00015529
E[2,8,1,2] = 0.03997537
E[2,8,1,5] = -0.00177740
E[2,8,2,0] = 0.00236434
E[2,8,2,1] = 0.03997537
E[2,8,2,3] = 0.03841690
E[2,8,2,4] = -0.00307855
E[2,8,2,6] = 0.01305345
E[2,8,2,7] = 0.02641512
E[2,8,2,8] = 0.02840302
E[2,8,3,2] = 0.03841690
E[2,8,3,5] = -0.00321901
E[2,8,4,2] = -0.00307855
E[2,8,4,5] = 0.02260923
E[2,8,5,0] = -0.00015529
E[2,8,5,1] = -0.00177740
E[2,8,5,3] = -0.00321901
E[2,8,5,4] = 0.02260923
E[2,8,5,6] = -0.00323721
E[2,8,5,7] = 0.00326935
E[2,8,5,8] = -0.00856539
E[2,8,6,2] = 0.01305345
E[2,8,6,5] = -0.00323721
E[2,8,7,2] = 0.02641512
E[2,8,7,5] = 0.00326935
E[2,8,8,2] = 0.02840302
E[2,8,8,5] = -0.00856539
E[3,0,0,0] = 0.14154290
E[3,0,0,1] = 0.00712886
E[3,0,0,3] = 0.00800053
E[3,0,0,6] = 0.00712886
E[3,0,0,7] = 0.01008871
E[3,0,0,8] = 0.01008871
E[3,0,1,0] = 0.00712886
E[3,0,1,1] = 0.05997834
E[3,0,1,3] = 0.02117580
E[3,0,1,6] = 0.01999278
E[3,0,1,7] = 0.02262148
E[3,0,1,8] = 0.02262148
E[3,0,2,2] = 0.06352741
E[3,0,3,0] = 0.00800053
E[3,0,3,1] = 0.02117580
E[3,0,3,3] = 0.06707647
E[3,0,3,6] = 0.02117580
E[3,0,3,7] = 0.02018040
E[3,0,3,8] = 0.02018040
E[3,0,4,4] = 0.05997834
E[3,0,4,7] = 0.00444618
E[3,0,4,8] = -0.00444618
E[3,0,5,5] = 0.06352741
E[3,0,6,0] = 0.00712886
E[3,0,6,1] = 0.01999278
E[3,0,6,3] = 0.02117580
E[3,0,6,6] = 0.05997834
E[3,0,6,7] = 0.02046633
E[3,0,6,8] = 0.02046633
E[3,0,7,0] = 0.01008871
E[3,0,7,1] = 0.02262148
E[3,0,7,3] = 0.02018040
E[3,0,7,4] = 0.00444618
E[3,0,7,6] = 0.02046633
E[3,0,7,7] = 0.03646241
E[3,0,7,8] = 0.02363526
E[3,0,8,0] = 0.01008871
E[3,0,8,1] = 0.02262148
E[3,0,8,3] = 0.02018040
E[3,0,8,4] = -0.00444618
E[3,0,8,6] = 0.02046633
E[3,0,8,7] = 0.02363526
E[3,0,8,8] = 0.03646241
E[3,1,0,0] = 0.30870561
E[3,1,0,1] = 0.02117580
E[3,1,0,3] = 0.02117580
E[3,1,0,6] = 0.01999278
E[3,1,0,7] = 0.02491711
E[3,1,0,8] = 0.02491711
E[3,1,1,0] = 0.02117580
E[3,1,1,1] = 0.26768119
E[3,1,1,3] = 0.09301820
E[3,1,1,6] = 0.08343204
E[3,1,1,7] = 0.10092752
E[3,1,1,8] = 0.10092752
E[3,1,2,2] = 0.27905460
E[3,1,3,0] = 0.02117580
E[3,1,3,1] = 0.09301820
E[3,1,3,3] = 0.26768119
E[3,1,3,6] = 0.08343204
E[3,1,3,7] = 0.08278338
E[3,1,3,8] = 0.08278338
E[3,1,4,4] = 0.25029613
E[3,1,4,7] = 0.02003485
E[3,1,4,8] = -0.02003485
E[3,1,5,5] = 0.25029613
E[3,1,6,0] = 0.01999278
E[3,1,6,1] = 0.08343204
E[3,1,6,3] = 0.08343204
E[3,1,6,6] = 0.23291107
E[3,1,6,7] = 0.08220360
E[3,1,6,8] = 0.08220360
E[3,1,7,0] = 0.02491711
E[3,1,7,1] = 0.10092752
E[3,1,7,3] = 0.08278338
E[3,1,7,4] = 0.02003485
E[3,1,7,6] = 0.08220360
E[3,1,7,7] = 0.16741652
E[3,1,7,8] = 0.10741109
E[3,1,8,0] = 0.02491711
E[3,1,8,1] = 0.10092752
E[3,1,8,3] = 0.08278338
E[3,1,8,4] = -0.02003485
E[3,1,8,6] = 0.08220360
E[3,1,8,7] = 0.10741109
E[3,1,8,8] = 0.16741652
E[3,2,0,2] = 0.00532360
E[3,2,1,2] = 0.07823277
E[3,2,2,0] = 0.00532360
E[3,2,2,1] = 0.07823277
E[3,2,2,3] = 0.09529288
E[3,2,2,6] = 0.02607759
E[3,2,2,7] = 0.03841690
E[3,2,2,8] = 0.03841690
E[3,2,3,2] = 0.09529288
E[3,2,4,5] = 0.04516771
E[3,2,5,4] = 0.04516771
E[3,2,5,7] = 0.00321901
E[3,2,5,8] = -0.00321901
E[3,2,6,2] = 0.02607759
E[3,2,7,2] = 0.03841690
E[3,2,7,5] = 0.00321901
E[3,2,8,2] = 0.03841690
E[3,2,8,5] = -0.00321901
E[3,3,0,0] = 0.92611684
E[3,3,0,1] = 0.05997834
E[3,3,0,3] = 0.06707647
E[3,3,0,6] = 0.05997834
E[3,3,0,7] = 0.07462168
E[3,3,0,8] = 0.07462168
E[3,3,1,0] = 0.05997834
E[3,3,1,1] = 0.69873322
E[3,3,1,3] = 0.26768119
E[3,3,1,6] = 0.23291107
E[3,3,1,7] = 0.27208315
E[3,3,1,8] = 0.27208315
E[3,3,2,2] = 0.80304358
E[3,3,3,0] = 0.06707647
E[3,3,3,1] = 0.26768119
E[3,3,3,3] = 0.93010076
E[3,3,3,6] = 0.26768119
E[3,3,3,7] = 0.26812133
E[3,3,3,8] = 0.26812133
E[3,3,4,4] = 0.69873322
E[3,3,4,7] = 0.05610463
E[3,3,4,8] = -0.05610463
E[3,3,5,5] = 0.80304358
E[3,3,6,0] = 0.05997834
E[3,3,6,1] = 0.23291107
E[3,3,6,3] = 0.26768119
E[3,3,6,6] = 0.69873322
E[3,3,6,7] = 0.24488808
E[3,3,6,8] = 0.24488808
E[3,3,7,0] = 0.07462168
E[3,3,7,1] = 0.27208315
E[3,3,7,3] = 0.26812133
E[3,3,7,4] = 0.05610463
E[3,3,7,6] = 0.24488808
E[3,3,7,7] = 0.48166200
E[3,3,7,8] = 0.30644625
E[3,3,8,0] = 0.07462168
E[3,3,8,1] = 0.27208315
E[3,3,8,3] = 0.26812133
E[3,3,8,4] = -0.05610463
E[3,3,8,6] = 0.24488808
E[3,3,8,7] = 0.30644625
E[3,3,8,8] = 0.48166200
E[3,4,0,4] = 0.00177453
E[3,4,0,7] = 0.00004976
E[3,4,0,8] = -0.00004976
E[3,4,1,4] = 0.02607759
E[3,4,1,7] = 0.00195281
E[3,4,1,8] = -0.00195281
E[3,4,2,5] = 0.02490556
E[3,4,3,4] = 0.01437923
E[3,4,3,7] = 0.00100241
E[3,4,3,8] = -0.00100241
E[3,4,4,0] = 0.00177453
E[3,4,4,1] = 0.02607759
E[3,4,4,3] = 0.01437923
E[3,4,4,6] = 0.02607759
E[3,4,4,7] = 0.01362751
E[3,4,4,8] = 0.01362751
E[3,4,5,2] = 0.02490556
E[3,4,6,4] = 0.02607759
E[3,4,6,7] = 0.00190017
E[3,4,6,8] = -0.00190017
E[3,4,7,0] = 0.00004976
E[3,4,7,1] = 0.00195281
E[3,4,7,3] = 0.00100241
E[3,4,7,4] = 0.01362751
E[3,4,7,6] = 0.00190017
E[3,4,7,7] = 0.00790143
E[3,4,8,0] = -0.00004976
E[3,4,8,1] = -0.00195281
E[3,4,8,3] = -0.00100241
E[3,4,8,4] = 0.01362751
E[3,4,8,6] = -0.00190017
E[3,4,8,8] = -0.00790143
E[3,5,0,5] = 0.00532360
E[3,5,1,5] = 0.02607759
E[3,5,2,4] = 0.04516771
E[3,5,2,7] = 0.00321901
E[3,5,2,8] = -0.00321901
E[3,5,3,5] = 0.09529288
E[3,5,4,2] = 0.04516771
E[3,5,5,0] = 0.00532360
E[3,5,5,1] = 0.02607759
E[3,5,5,3] = 0.09529288
E[3,5,5,6] = 0.07823277
E[3,5,5,7] = 0.03571434
E[3,5,5,8] = 0.03571434
E[3,5,6,5] = 0.07823277
E[3,5,7,2] = 0.00321901
E[3,5,7,5] = 0.03571434
E[3,5,8,2] = -0.00321901
E[3,5,8,5] = 0.03571434
E[3,6,0,0] = 0.30870561
E[3,6,0,1] = 0.01999278
E[3,6,0,3] = 0.02117580
E[3,6,0,6] = 0.02117580
E[3,6,0,7] = 0.02489299
E[3,6,0,8] = 0.02489299
E[3,6,1,0] = 0.01999278
E[3,6,1,1] = 0.23291107
E[3,6,1,3] = 0.08343204
E[3,6,1,6] = 0.08343204
E[3,6,1,7] = 0.09096834
E[3,6,1,8] = 0.09096834
E[3,6,2,2] = 0.25029613
E[3,6,3,0] = 0.02117580
E[3,6,3,1] = 0.08343204
E[3,6,3,3] = 0.26768119
E[3,6,3,6] = 0.09301820
E[3,6,3,7] = 0.08229750
E[3,6,3,8] = 0.08229750
E[3,6,4,4] = 0.25029613
E[3,6,4,7] = 0.01998222
E[3,6,4,8] = -0.01998222
E[3,6,5,5] = 0.27905460
E[3,6,6,0] = 0.02117580
E[3,6,6,1] = 0.08343204
E[3,6,6,3] = 0.09301820
E[3,6,6,6] = 0.26768119
E[3,6,6,7] = 0.09029516
E[3,6,6,8] = 0.09029516
E[3,6,7,0] = 0.02489299
E[3,6,7,1] = 0.09096834
E[3,6,7,3] = 0.08229750
E[3,6,7,4] = 0.01998222
E[3,6,7,6] = 0.09029516
E[3,6,7,7] = 0.16358654
E[3,6,7,8] = 0.10214875
E[3,6,8,0] = 0.02489299
E[3,6,8,1] = 0.09096834
E[3,6,8,3] = 0.08229750
E[3,6,8,4] = -0.01998222
E[3,6,8,6] = 0.09029516
E[3,6,8,7] = 0.10214875
E[3,6,8,8] = 0.16358654
E[3,7,0,0] = 0.28833358
E[3,7,0,1] = 0.01883777
E[3,7,0,3] = 0.02018040
E[3,7,0,4] = 0.00008965
E[3,7,0,6] = 0.01879431
E[3,7,0,7] = 0.02347844
E[3,7,0,8] = 0.02328195
E[3,7,1,0] = 0.01883777
E[3,7,1,1] = 0.22660427
E[3,7,1,3] = 0.08278338
E[3,7,1,4] = 0.00188228
E[3,7,1,6] = 0.07523671
E[3,7,1,7] = 0.09561654
E[3,7,1,8] = 0.09310115
E[3,7,2,2] = 0.24835015
E[3,7,2,5] = 0.00173622
E[3,7,3,0] = 0.02018040
E[3,7,3,1] = 0.08278338
E[3,7,3,3] = 0.26812133
E[3,7,3,4] = 0.00100241
E[3,7,3,6] = 0.08229750
E[3,7,3,7] = 0.08448680
E[3,7,3,8] = 0.08183411
E[3,7,4,0] = 0.00008965
E[3,7,4,1] = 0.00188228
E[3,7,4,3] = 0.00100241
E[3,7,4,4] = 0.22571014
E[3,7,4,6] = 0.00186901
E[3,7,4,7] = 0.02472614
E[3,7,4,8] = -0.01746793
E[3,7,5,2] = 0.00173622
E[3,7,5,5] = 0.24689249
E[3,7,6,0] = 0.01879431
E[3,7,6,1] = 0.07523671
E[3,7,6,3] = 0.08229750
E[3,7,6,4] = 0.00186901
E[3,7,6,6] = 0.22478594
E[3,7,6,7] = 0.08363127
E[3,7,6,8] = 0.07782979
E[3,7,7,0] = 0.02347844
E[3,7,7,1] = 0.09561654
E[3,7,7,3] = 0.08448680
E[3,7,7,4] = 0.02472614
E[3,7,7,6] = 0.08363127
E[3,7,7,7] = 0.17443929
E[3,7,7,8] = 0.10724415
E[3,7,8,0] = 0.02328195
E[3,7,8,1] = 0.09310115
E[3,7,8,3] = 0.08183411
E[3,7,8,4] = -0.01746793
E[3,7,8,6] = 0.07782979
E[3,7,8,7] = 0.10724415
E[3,7,8,8] = 0.16207504
E[3,8,0,0] = 0.28833358
E[3,8,0,1] = 0.01883777
E[3,8,0,3] = 0.02018040
E[3,8,0,4] = -0.00008965
E[3,8,0,6] = 0.01879431
E[3,8,0,7] = 0.02328195
E[3,8,0,8] = 0.02347844
E[3,8,1,0] = 0.01883777
E[3,8,1,1] = 0.22660427
E[3,8,1,3] = 0.08278338
E[3,8,1,4] = -0.00188228
E[3,8,1,6] = 0.07523671
E[3,8,1,7] = 0.09310115
E[3,8,1,8] = 0.09561654
E[3,8,2,2] = 0.24835015
E[3,8,2,5] = -0.00173622
E[3,8,3,0] = 0.02018040
E[3,8,3,1] = 0.08278338
E[3,8,3,3] = 0.26812133
E[3,8,3,4] = -0.00100241
E[3,8,3,6] = 0.08229750
E[3,8,3,7] = 0.08183411
E[3,8,3,8] = 0.08448680
E[3,8,4,0] = -0.00008965
E[3,8,4,1] = -0.00188228
E[3,8,4,3] = -0.00100241
E[3,8,4,4] = 0.22571014
E[3,8,4,6] = -0.00186901
E[3,8,4,7] = 0.01746793
E[3,8,4,8] = -0.02472614
E[3,8,5,2] = -0.00173622
E[3,8,5,5] = 0.24689249
E[3,8,6,0] = 0.01879431
E[3,8,6,1] = 0.07523671
E[3,8,6,3] = 0.08229750
E[3,8,6,4] = -0.00186901
E[3,8,6,6] = 0.22478594
E[3,8,6,7] = 0.07782979
E[3,8,6,8] = 0.08363127
E[3,8,7,0] = 0.02328195
E[3,8,7,1] = 0.09310115
E[3,8,7,3] = 0.08183411
E[3,8,7,4] = 0.01746793
E[3,8,7,6] = 0.07782979
E[3,8,7,7] = 0.16207504
E[3,8,7,8] = 0.10724415
E[3,8,8,0] = 0.02347844
E[3,8,8,1] = 0.09561654
E[3,8,8,3] = 0.08448680
E[3,8,8,4] = -0.02472614
E[3,8,8,6] = 0.08363127
E[3,8,8,7] = 0.10724415
E[3,8,8,8] = 0.17443929
E[4,0,0,4] = 0.00130750
E[4,0,0,7] = 0.00002781
E[4,0,0,8] = -0.00002781
E[4,0,1,4] = 0.00532360
E[4,0,1,7] = 0.00028047
E[4,0,1,8] = -0.00028047
E[4,0,2,5] = 0.00307358
E[4,0,3,4] = 0.00177453
E[4,0,3,7] = 0.00008965
E[4,0,3,8] = -0.00008965
E[4,0,4,0] = 0.00130750
E[4,0,4,1] = 0.00532360
E[4,0,4,3] = 0.00177453
E[4,0,4,6] = 0.00532360
E[4,0,4,7] = 0.00248081
E[4,0,4,8] = 0.00248081
E[4,0,5,2] = 0.00307358
E[4,0,6,4] = 0.00532360
E[4,0,6,7] = 0.00027405
E[4,0,6,8] = -0.00027405
E[4,0,7,0] = 0.00002781
E[4,0,7,1] = 0.00028047
E[4,0,7,3] = 0.00008965
E[4,0,7,4] = 0.00248081
E[4,0,7,6] = 0.00027405
E[4,0,7,7] = 0.00084991
E[4,0,8,0] = -0.00002781
E[4,0,8,1] = -0.00028047
E[4,0,8,3] = -0.00008965
E[4,0,8,4] = 0.00248081
E[4,0,8,6] = -0.00027405
E[4,0,8,8] = -0.00084991
E[4,1,0,4] = 0.00532360
E[4,1,0,7] = 0.23640196
E[4,1,0,8] = -0.23640196
E[4,1,1,4] = 0.09529288
E[4,1,1,7] = 0.00717664
E[4,1,1,8] = -0.00717664
E[4,1,2,5] = 0.04516771
E[4,1,3,4] = 0.02607759
E[4,1,3,7] = 0.00188228
E[4,1,3,8] = -0.00188228
E[4,1,4,0] = 0.00532360
E[4,1,4,1] = 0.09529288
E[4,1,4,3] = 0.02607759
E[4,1,4,6] = 0.07823277
E[4,1,4,7] = 0.04252664
E[4,1,4,8] = 0.04252664
E[4,1,5,2] = 0.04516771
E[4,1,6,4] = 0.07823277
E[4,1,6,7] = 0.00577321
E[4,1,6,8] = -0.00577321
E[4,1,7,0] = 0.23640196
E[4,1,7,1] = 0.00717664
E[4,1,7,3] = 0.00188228
E[4,1,7,4] = 0.04252664
E[4,1,7,6] = 0.00577321
E[4,1,7,7] = 0.02539429
E[4,1,8,0] = -0.23640196
E[4,1,8,1] = -0.00717664
E[4,1,8,3] = -0.00188228
E[4,1,8,4] = 0.04252664
E[4,1,8,6] = -0.00577321
E[4,1,8,8] = -0.02539429
E[4,2,0,5] = 0.00307358
E[4,2,1,5] = 0.02490556
E[4,2,2,4] = 0.04313770
E[4,2,2,7] = 0.00307855
E[4,2,2,8] = -0.00307855
E[4,2,3,5] = 0.04516771
E[4,2,4,2] = 0.04313770
E[4,2,5,0] = 0.00307358
E[4,2,5,1] = 0.02490556
E[4,2,5,3] = 0.04516771
E[4,2,5,6] = 0.04516771
E[4,2,5,7] = 0.02153112
E[4,2,5,8] = 0.02153112
E[4,2,6,5] = 0.04516771
E[4,2,7,2] = 0.00307855
E[4,2,7,5] = 0.02153112
E[4,2,8,2] = -0.00307855
E[4,2,8,5] = 0.02153112
E[4,3,0,4] = 0.00177453
E[4,3,0,7] = 0.00004976
E[4,3,0,8] = -0.00004976
E[4,3,1,4] = 0.02607759
E[4,3,1,7] = 0.00195281
E[4,3,1,8] = -0.00195281
E[4,3,2,5] = 0.02490556
E[4,3,3,4] = 0.01437923
E[4,3,3,7] = 0.00100241
E[4,3,3,8] = -0.00100241
E[4,3,4,0] = 0.00177453
E[4,3,4,1] = 0.02607759
E[4,3,4,3] = 0.01437923
E[4,3,4,6] = 0.02607759
E[4,3,4,7] = 0.01362751
E[4,3,4,8] = 0.01362751
E[4,3,5,2] = 0.02490556
E[4,3,6,4] = 0.02607759
E[4,3,6,7] = 0.00190017
E[4,3,6,8] = -0.00190017
E[4,3,7,0] = 0.00004976
E[4,3,7,1] = 0.00195281
E[4,3,7,3] = 0.00100241
E[4,3,7,4] = 0.01362751
E[4,3,7,6] = 0.00190017
E[4,3,7,7] = 0.00790143
E[4,3,8,0] = -0.00004976
E[4,3,8,1] = -0.00195281
E[4,3,8,3] = -0.00100241
E[4,3,8,4] = 0.01362751
E[4,3,8,6] = -0.00190017
E[4,3,8,8] = -0.00790143
E[4,4,0,0] = 0.92611684
E[4,4,0,1] = 0.06352741
E[4,4,0,3] = 0.05997834
E[4,4,0,6] = 0.06352741
E[4,4,0,7] = 0.34682721
E[4,4,0,8] = 0.34682721
E[4,4,1,0] = 0.06352741
E[4,4,1,1] = 0.80304358
E[4,4,1,3] = 0.25029613
E[4,4,1,6] = 0.27905460
E[4,4,1,7] = 0.30418570
E[4,4,1,8] = 0.30418570
E[4,4,2,2] = 0.75088840
E[4,4,3,0] = 0.05997834
E[4,4,3,1] = 0.25029613
E[4,4,3,3] = 0.69873322
E[4,4,3,6] = 0.25029613
E[4,4,3,7] = 0.22571014
E[4,4,3,8] = 0.22571014
E[4,4,4,4] = 0.83716380
E[4,4,4,7] = 0.06645377
E[4,4,4,8] = -0.06645377
E[4,4,5,5] = 0.75088840
E[4,4,6,0] = 0.06352741
E[4,4,6,1] = 0.27905460
E[4,4,6,3] = 0.25029613
E[4,4,6,6] = 0.80304358
E[4,4,6,7] = 0.27374432
E[4,4,6,8] = 0.27374432
E[4,4,7,0] = 0.34682721
E[4,4,7,1] = 0.30418570
E[4,4,7,3] = 0.22571014
E[4,4,7,4] = 0.06645377
E[4,4,7,6] = 0.27374432
E[4,4,7,7] = 0.51329304
E[4,4,7,8] = 0.32223327
E[4,4,8,0] = 0.34682721
E[4,4,8,1] = 0.30418570
E[4,4,8,3] = 0.22571014
E[4,4,8,4] = -0.06645377
E[4,4,8,6] = 0.27374432
E[4,4,8,7] = 0.32223327
E[4,4,8,8] = 0.51329304
E[4,5,0,2] = 0.00307358
E[4,5,1,2] = 0.04516771
E[4,5,2,0] = 0.00307358
E[4,5,2,1] = 0.04516771
E[4,5,2,3] = 0.04516771
E[4,5,2,6] = 0.02490556
E[4,5,2,7] = 0.02260923
E[4,5,2,8] = 0.02260923
E[4,5,3,2] = 0.04516771
E[4,5,4,5] = 0.04313770
E[4,5,5,4] = 0.04313770
E[4,5,5,7] = 0.00303874
E[4,5,5,8] = -0.00303874
E[4,5,6,2] = 0.02490556
E[4,5,7,2] = 0.02260923
E[4,5,7,5] = 0.00303874
E[4,5,8,2] = 0.02260923
E[4,5,8,5] = -0.00303874
E[4,6,0,4] = 0.00532360
E[4,6,0,7] = 0.10454895
E[4,6,0,8] = -0.10454895
E[4,6,1,4] = 0.07823277
E[4,6,1,7] = 0.00589130
E[4,6,1,8] = -0.00589130
E[4,6,2,5] = 0.04516771
E[4,6,3,4] = 0.02607759
E[4,6,3,7] = 0.00186901
E[4,6,3,8] = -0.00186901
E[4,6,4,0] = 0.00532360
E[4,6,4,1] = 0.07823277
E[4,6,4,3] = 0.02607759
E[4,6,4,6] = 0.09529288
E[4,6,4,7] = 0.04163961
E[4,6,4,8] = 0.04163961
E[4,6,5,2] = 0.04516771
E[4,6,6,4] = 0.09529288
E[4,6,6,7] = 0.00692339
E[4,6,6,8] = -0.00692339
E[4,6,7,0] = 0.10454895
E[4,6,7,1] = 0.00589130
E[4,6,7,3] = 0.00186901
E[4,6,7,4] = 0.04163961
E[4,6,7,6] = 0.00692339
E[4,6,7,7] = 0.02445110
E[4,6,8,0] = -0.10454895
E[4,6,8,1] = -0.00589130
E[4,6,8,3] = -0.00186901
E[4,6,8,4] = 0.04163961
E[4,6,8,6] = -0.00692339
E[4,6,8,8] = -0.02445110
E[4,7,0,0] = 0.06689361
E[4,7,0,1] = 0.00463699
E[4,7,0,3] = 0.00444618
E[4,7,0,4] = 0.00248081
E[4,7,0,6] = 0.00463057
E[4,7,0,7] = 0.00606603
E[4,7,0,8] = 0.00538797
E[4,7,1,0] = 0.00463699
E[4,7,1,1] = 0.06420265
E[4,7,1,3] = 0.02003485
E[4,7,1,4] = 0.04252664
E[4,7,1,6] = 0.02215126
E[4,7,1,7] = 0.04200770
E[4,7,1,8] = 0.02606449
E[4,7,2,2] = 0.06010456
E[4,7,2,5] = 0.02360353
E[4,7,3,0] = 0.00444618
E[4,7,3,1] = 0.02003485
E[4,7,3,3] = 0.05610463
E[4,7,3,4] = 0.01362751
E[4,7,3,6] = 0.01998222
E[4,7,3,7] = 0.02472614
E[4,7,3,8] = 0.01746793
E[4,7,4,0] = 0.00248081
E[4,7,4,1] = 0.04252664
E[4,7,4,3] = 0.01362751
E[4,7,4,4] = 0.06645377
E[4,7,4,6] = 0.04163961
E[4,7,4,7] = 0.04260693
E[4,7,4,8] = 0.02069165
E[4,7,5,2] = 0.02360353
E[4,7,5,5] = 0.05994665
E[4,7,6,0] = 0.00463057
E[4,7,6,1] = 0.02215126
E[4,7,6,3] = 0.01998222
E[4,7,6,4] = 0.04163961
E[4,7,6,6] = 0.06383130
E[4,7,6,7] = 0.03788271
E[4,7,6,8] = 0.01516790
E[4,7,7,0] = 0.00606603
E[4,7,7,1] = 0.04200770
E[4,7,7,3] = 0.02472614
E[4,7,7,4] = 0.04260693
E[4,7,7,6] = 0.03788271
E[4,7,7,7] = 0.09736296
E[4,7,7,8] = 0.03987177
E[4,7,8,0] = 0.00538797
E[4,7,8,1] = 0.02606449
E[4,7,8,3] = 0.01746793
E[4,7,8,4] = 0.02069165
E[4,7,8,6] = 0.01516790
E[4,7,8,7] = 0.03987177
E[4,7,8,8] = 0.03051292
E[4,8,0,0] = -0.06689361
E[4,8,0,1] = -0.00463699
E[4,8,0,3] = -0.00444618
E[4,8,0,4] = 0.00248081
E[4,8,0,6] = -0.00463057
E[4,8,0,7] = -0.00538797
E[4,8,0,8] = -0.00606603
E[4,8,1,0] = -0.00463699
E[4,8,1,1] = -0.06420265
E[4,8,1,3] = -0.02003485
E[4,8,1,4] = 0.04252664
E[4,8,1,6] = -0.02215126
E[4,8,1,7] = -0.02606449
E[4,8,1,8] = -0.04200770
E[4,8,2,2] = -0.06010456
E[4,8,2,5] = 0.02360353
E[4,8,3,0] = -0.00444618
E[4,8,3,1] = -0.02003485
E[4,8,3,3] = -0.05610463
E[4,8,3,4] = 0.01362751
E[4,8,3,6] = -0.01998222
E[4,8,3,7] = -0.01746793
E[4,8,3,8] = -0.02472614
E[4,8,4,0] = 0.00248081
E[4,8,4,1] = 0.04252664
E[4,8,4,3] = 0.01362751
E[4,8,4,4] = -0.06645377
E[4,8,4,6] = 0.04163961
E[4,8,4,7] = 0.02069165
E[4,8,4,8] = 0.04260693
E[4,8,5,2] = 0.02360353
E[4,8,5,5] = -0.05994665
E[4,8,6,0] = -0.00463057
E[4,8,6,1] = -0.02215126
E[4,8,6,3] = -0.01998222
E[4,8,6,4] = 0.04163961
E[4,8,6,6] = -0.06383130
E[4,8,6,7] = -0.01516790
E[4,8,6,8] = -0.03788271
E[4,8,7,0] = -0.00538797
E[4,8,7,1] = -0.02606449
E[4,8,7,3] = -0.01746793
E[4,8,7,4] = 0.02069165
E[4,8,7,6] = -0.01516790
E[4,8,7,7] = -0.03051292
E[4,8,7,8] = -0.03987177
E[4,8,8,0] = -0.00606603
E[4,8,8,1] = -0.04200770
E[4,8,8,3] = -0.02472614
E[4,8,8,4] = 0.04260693
E[4,8,8,6] = -0.03788271
E[4,8,8,7] = -0.03987177
E[4,8,8,8] = -0.09736296
E[5,0,0,5] = 0.00130750
E[5,0,1,5] = 0.00177453
E[5,0,2,4] = 0.00307358
E[5,0,2,7] = 0.00015529
E[5,0,2,8] = -0.00015529
E[5,0,3,5] = 0.00532360
E[5,0,4,2] = 0.00307358
E[5,0,5,0] = 0.00130750
E[5,0,5,1] = 0.00177453
E[5,0,5,3] = 0.00532360
E[5,0,5,6] = 0.00532360
E[5,0,5,7] = 0.00223397
E[5,0,5,8] = 0.00223397
E[5,0,6,5] = 0.00532360
E[5,0,7,2] = 0.00015529
E[5,0,7,5] = 0.00223397
E[5,0,8,2] = -0.00015529
E[5,0,8,5] = 0.00223397
E[5,1,0,5] = 0.00177453
E[5,1,1,5] = 0.01437923
E[5,1,2,4] = 0.02490556
E[5,1,2,7] = 0.00177740
E[5,1,2,8] = -0.00177740
E[5,1,3,5] = 0.02607759
E[5,1,4,2] = 0.02490556
E[5,1,5,0] = 0.00177453
E[5,1,5,1] = 0.01437923
E[5,1,5,3] = 0.02607759
E[5,1,5,6] = 0.02607759
E[5,1,5,7] = 0.01243100
E[5,1,5,8] = 0.01243100
E[5,1,6,5] = 0.02607759
E[5,1,7,2] = 0.00177740
E[5,1,7,5] = 0.01243100
E[5,1,8,2] = -0.00177740
E[5,1,8,5] = 0.01243100
E[5,2,0,4] = 0.00307358
E[5,2,0,7] = 0.00008618
E[5,2,0,8] = -0.00008618
E[5,2,1,4] = 0.04516771
E[5,2,1,7] = 0.00338236
E[5,2,1,8] = -0.00338236
E[5,2,2,5] = 0.04313770
E[5,2,3,4] = 0.02490556
E[5,2,3,7] = 0.00173622
E[5,2,3,8] = -0.00173622
E[5,2,4,0] = 0.00307358
E[5,2,4,1] = 0.04516771
E[5,2,4,3] = 0.02490556
E[5,2,4,6] = 0.04516771
E[5,2,4,7] = 0.02360353
E[5,2,4,8] = 0.02360353
E[5,2,5,2] = 0.04313770
E[5,2,6,4] = 0.04516771
E[5,2,6,7] = 0.00329120
E[5,2,6,8] = -0.00329120
E[5,2,7,0] = 0.00008618
E[5,2,7,1] = 0.00338236
E[5,2,7,3] = 0.00173622
E[5,2,7,4] = 0.02360353
E[5,2,7,6] = 0.00329120
E[5,2,7,7] = 0.01368568
E[5,2,8,0] = -0.00008618
E[5,2,8,1] = -0.00338236
E[5,2,8,3] = -0.00173622
E[5,2,8,4] = 0.02360353
E[5,2,8,6] = -0.00329120
E[5,2,8,8] = -0.01368568
E[5,3,0,5] = 0.00532360
E[5,3,1,5] = 0.02607759
E[5,3,2,4] = 0.04516771
E[5,3,2,7] = 0.00321901
E[5,3,2,8] = -0.00321901
E[5,3,3,5] = 0.09529288
E[5,3,4,2] = 0.04516771
E[5,3,5,0] = 0.00532360
E[5,3,5,1] = 0.02607759
E[5,3,5,3] = 0.09529288
E[5,3,5,6] = 0.07823277
E[5,3,5,7] = 0.03571434
E[5,3,5,8] = 0.03571434
E[5,3,6,5] = 0.07823277
E[5,3,7,2] = 0.00321901
E[5,3,7,5] = 0.03571434
E[5,3,8,2] = -0.00321901
E[5,3,8,5] = 0.03571434
E[5,4,0,2] = 0.00307358
E[5,4,1,2] = 0.04516771
E[5,4,2,0] = 0.00307358
E[5,4,2,1] = 0.04516771
E[5,4,2,3] = 0.04516771
E[5,4,2,6] = 0.02490556
E[5,4,2,7] = 0.02260923
E[5,4,2,8] = 0.02260923
E[5,4,3,2] = 0.04516771
E[5,4,4,5] = 0.04313770
E[5,4,5,4] = 0.04313770
E[5,4,5,7] = 0.00303874
E[5,4,5,8] = -0.00303874
E[5,4,6,2] = 0.02490556
E[5,4,7,2] = 0.02260923
E[5,4,7,5] = 0.00303874
E[5,4,8,2] = 0.02260923
E[5,4,8,5] = -0.00303874
E[5,5,0,0] = 0.92611684
E[5,5,0,1] = 0.05997834
E[5,5,0,3] = 0.06352741
E[5,5,0,6] = 0.06352741
E[5,5,0,7] = 0.07467897
E[5,5,0,8] = 0.07467897
E[5,5,1,0] = 0.05997834
E[5,5,1,1] = 0.69873322
E[5,5,1,3] = 0.25029613
E[5,5,1,6] = 0.25029613
E[5,5,1,7] = 0.27290502
E[5,5,1,8] = 0.27290502
E[5,5,2,2] = 0.75088840
E[5,5,3,0] = 0.06352741
E[5,5,3,1] = 0.25029613
E[5,5,3,3] = 0.80304358
E[5,5,3,6] = 0.27905460
E[5,5,3,7] = 0.24689249
E[5,5,3,8] = 0.24689249
E[5,5,4,4] = 0.75088840
E[5,5,4,7] = 0.05994665
E[5,5,4,8] = -0.05994665
E[5,5,5,5] = 0.83716380
E[5,5,6,0] = 0.06352741
E[5,5,6,1] = 0.25029613
E[5,5,6,3] = 0.27905460
E[5,5,6,6] = 0.80304358
E[5,5,6,7] = 0.27088548
E[5,5,6,8] = 0.27088548
E[5,5,7,0] = 0.07467897
E[5,5,7,1] = 0.27290502
E[5,5,7,3] = 0.24689249
E[5,5,7,4] = 0.05994665
E[5,5,7,6] = 0.27088548
E[5,5,7,7] = 0.49075962
E[5,5,7,8] = 0.30644625
E[5,5,8,0] = 0.07467897
E[5,5,8,1] = 0.27290502
E[5,5,8,3] = 0.24689249
E[5,5,8,4] = -0.05994665
E[5,5,8,6] = 0.27088548
E[5,5,8,7] = 0.30644625
E[5,5,8,8] = 0.49075962
E[5,6,0,5] = 0.00532360
E[5,6,1,5] = 0.02607759
E[5,6,2,4] = 0.04516771
E[5,6,2,7] = 0.00323721
E[5,6,2,8] = -0.00323721
E[5,6,3,5] = 0.07823277
E[5,6,4,2] = 0.04516771
E[5,6,5,0] = 0.00532360
E[5,6,5,1] = 0.02607759
E[5,6,5,3] = 0.07823277
E[5,6,5,6] = 0.09529288
E[5,6,5,7] = 0.03638775
E[5,6,5,8] = 0.03638775
E[5,6,6,5] = 0.09529288
E[5,6,7,2] = 0.00323721
E[5,6,7,5] = 0.03638775
E[5,6,8,2] = -0.00323721
E[5,6,8,5] = 0.03638775
E[5,7,0,2] = 0.00015529
E[5,7,0,5] = 0.00223397
E[5,7,1,2] = 0.00326020
E[5,7,1,5] = 0.01243100
E[5,7,2,0] = 0.00015529
E[5,7,2,1] = 0.00326020
E[5,7,2,3] = 0.00321901
E[5,7,2,4] = 0.02153112
E[5,7,2,6] = 0.00175442
E[5,7,2,7] = 0.00856539
E[5,7,2,8] = 0.00326935
E[5,7,3,2] = 0.00321901
E[5,7,3,5] = 0.03571434
E[5,7,4,2] = 0.02153112
E[5,7,4,5] = 0.00303874
E[5,7,5,0] = 0.00223397
E[5,7,5,1] = 0.01243100
E[5,7,5,3] = 0.03571434
E[5,7,5,4] = 0.00303874
E[5,7,5,6] = 0.03638775
E[5,7,5,7] = 0.02121186
E[5,7,5,8] = 0.01309369
E[5,7,6,2] = 0.00175442
E[5,7,6,5] = 0.03638775
E[5,7,7,2] = 0.00856539
E[5,7,7,5] = 0.02121186
E[5,7,8,2] = 0.00326935
E[5,7,8,5] = 0.01309369
E[5,8,0,2] = -0.00015529
E[5,8,0,5] = 0.00223397
E[5,8,1,2] = -0.00326020
E[5,8,1,5] = 0.01243100
E[5,8,2,0] = -0.00015529
E[5,8,2,1] = -0.00326020
E[5,8,2,3] = -0.00321901
E[5,8,2,4] = 0.02153112
E[5,8,2,6] = -0.00175442
E[5,8,2,7] = -0.00326935
E[5,8,2,8] = -0.00856539
E[5,8,3,2] = -0.00321901
E[5,8,3,5] = 0.03571434
E[5,8,4,2] = 0.02153112
E[5,8,4,5] = -0.00303874
E[5,8,5,0] = 0.00223397
E[5,8,5,1] = 0.01243100
E[5,8,5,3] = 0.03571434
E[5,8,5,4] = -0.00303874
E[5,8,5,6] = 0.03638775
E[5,8,5,7] = 0.01309369
E[5,8,5,8] = 0.02121186
E[5,8,6,2] = -0.00175442
E[5,8,6,5] = 0.03638775
E[5,8,7,2] = -0.00326935
E[5,8,7,5] = 0.01309369
E[5,8,8,2] = -0.00856539
E[5,8,8,5] = 0.02121186
E[6,0,0,0] = 0.14154290
E[6,0,0,1] = 0.00712886
E[6,0,0,3] = 0.00712886
E[6,0,0,6] = 0.00800053
E[6,0,0,7] = 0.01009939
E[6,0,0,8] = 0.01009939
E[6,0,1,0] = 0.00712886
E[6,0,1,1] = 0.05997834
E[6,0,1,3] = 0.01999278
E[6,0,1,6] = 0.02117580
E[6,0,1,7] = 0.02266031
E[6,0,1,8] = 0.02266031
E[6,0,2,2] = 0.05997834
E[6,0,3,0] = 0.00712886
E[6,0,3,1] = 0.01999278
E[6,0,3,3] = 0.05997834
E[6,0,3,6] = 0.02117580
E[6,0,3,7] = 0.01879431
E[6,0,3,8] = 0.01879431
E[6,0,4,4] = 0.06352741
E[6,0,4,7] = 0.00463057
E[6,0,4,8] = -0.00463057
E[6,0,5,5] = 0.06352741
E[6,0,6,0] = 0.00800053
E[6,0,6,1] = 0.02117580
E[6,0,6,3] = 0.02117580
E[6,0,6,6] = 0.06707647
E[6,0,6,7] = 0.02206082
E[6,0,6,8] = 0.02206082
E[6,0,7,0] = 0.01009939
E[6,0,7,1] = 0.02266031
E[6,0,7,3] = 0.01879431
E[6,0,7,4] = 0.00463057
E[6,0,7,6] = 0.02206082
E[6,0,7,7] = 0.03678861
E[6,0,7,8] = 0.02363526
E[6,0,8,0] = 0.01009939
E[6,0,8,1] = 0.02266031
E[6,0,8,3] = 0.01879431
E[6,0,8,4] = -0.00463057
E[6,0,8,6] = 0.02206082
E[6,0,8,7] = 0.02363526
E[6,0,8,8] = 0.03678861
E[6,1,0,0] = 0.30870561
E[6,1,0,1] = 0.02117580
E[6,1,0,3] = 0.01999278
E[6,1,0,6] = 0.02117580
E[6,1,0,7] = 0.11560907
E[6,1,0,8] = 0.11560907
E[6,1,1,0] = 0.02117580
E[6,1,1,1] = 0.26768119
E[6,1,1,3] = 0.08343204
E[6,1,1,6] = 0.09301820
E[6,1,1,7] = 0.10139523
E[6,1,1,8] = 0.10139523
E[6,1,2,2] = 0.25029613
E[6,1,3,0] = 0.01999278
E[6,1,3,1] = 0.08343204
E[6,1,3,3] = 0.23291107
E[6,1,3,6] = 0.08343204
E[6,1,3,7] = 0.07523671
E[6,1,3,8] = 0.07523671
E[6,1,4,4] = 0.27905460
E[6,1,4,7] = 0.02215126
E[6,1,4,8] = -0.02215126
E[6,1,5,5] = 0.25029613
E[6,1,6,0] = 0.02117580
E[6,1,6,1] = 0.09301820
E[6,1,6,3] = 0.08343204
E[6,1,6,6] = 0.26768119
E[6,1,6,7] = 0.09124811
E[6,1,6,8] = 0.09124811
E[6,1,7,0] = 0.11560907
E[6,1,7,1] = 0.10139523
E[6,1,7,3] = 0.07523671
E[6,1,7,4] = 0.02215126
E[6,1,7,6] = 0.09124811
E[6,1,7,7] = 0.17109768
E[6,1,7,8] = 0.10741109
E[6,1,8,0] = 0.11560907
E[6,1,8,1] = 0.10139523
E[6,1,8,3] = 0.07523671
E[6,1,8,4] = -0.02215126
E[6,1,8,6] = 0.09124811
E[6,1,8,7] = 0.10741109
E[6,1,8,8] = 0.17109768
E[6,2,0,2] = 0.00177453
E[6,2,1,2] = 0.02607759
E[6,2,2,0] = 0.00177453
E[6,2,2,1] = 0.02607759
E[6,2,2,3] = 0.02607759
E[6,2,2,6] = 0.01437923
E[6,2,2,7] = 0.01305345
E[6,2,2,8] = 0.01305345
E[6,2,3,2] = 0.02607759
E[6,2,4,5] = 0.02490556
E[6,2,5,4] = 0.02490556
E[6,2,5,7] = 0.00175442
E[6,2,5,8] = -0.00175442
E[6,2,6,2] = 0.01437923
E[6,2,7,2] = 0.01305345
E[6,2,7,5] = 0.00175442
E[6,2,8,2] = 0.01305345
E[6,2,8,5] = -0.00175442
E[6,3,0,0] = 0.30870561
E[6,3,0,1] = 0.01999278
E[6,3,0,3] = 0.02117580
E[6,3,0,6] = 0.02117580
E[6,3,0,7] = 0.02489299
E[6,3,0,8] = 0.02489299
E[6,3,1,0] = 0.01999278
E[6,3,1,1] = 0.23291107
E[6,3,1,3] = 0.08343204
E[6,3,1,6] = 0.08343204
E[6,3,1,7] = 0.09096834
E[6,3,1,8] = 0.09096834
E[6,3,2,2] = 0.25029613
E[6,3,3,0] = 0.02117580
E[6,3,3,1] = 0.08343204
E[6,3,3,3] = 0.26768119
E[6,3,3,6] = 0.09301820
E[6,3,3,7] = 0.08229750
E[6,3,3,8] = 0.08229750
E[6,3,4,4] = 0.25029613
E[6,3,4,7] = 0.01998222
E[6,3,4,8] = -0.01998222
E[6,3,5,5] = 0.27905460
E[6,3,6,0] = 0.02117580
E[6,3,6,1] = 0.08343204
E[6,3,6,3] = 0.09301820
E[6,3,6,6] = 0.26768119
E[6,3,6,7] = 0.09029516
E[6,3,6,8] = 0.09029516
E[6,3,7,0] = 0.02489299
E[6,3,7,1] = 0.09096834
E[6,3,7,3] = 0.08229750
E[6,3,7,4] = 0.01998222
E[6,3,7,6] = 0.09029516
E[6,3,7,7] = 0.16358654
E[6,3,7,8] = 0.10214875
E[6,3,8,0] = 0.02489299
E[6,3,8,1] = 0.09096834
E[6,3,8,3] = 0.08229750
E[6,3,8,4] = -0.01998222
E[6,3,8,6] = 0.09029516
E[6,3,8,7] = 0.10214875
E[6,3,8,8] = 0.16358654
E[6,4,0,4] = 0.00532360
E[6,4,0,7] = 0.10454895
E[6,4,0,8] = -0.10454895
E[6,4,1,4] = 0.07823277
E[6,4,1,7] = 0.00589130
E[6,4,1,8] = -0.00589130
E[6,4,2,5] = 0.04516771
E[6,4,3,4] = 0.02607759
E[6,4,3,7] = 0.00186901
E[6,4,3,8] = -0.00186901
E[6,4,4,0] = 0.00532360
E[6,4,4,1] = 0.07823277
E[6,4,4,3] = 0.02607759
E[6,4,4,6] = 0.09529288
E[6,4,4,7] = 0.04163961
E[6,4,4,8] = 0.04163961
E[6,4,5,2] = 0.04516771
E[6,4,6,4] = 0.09529288
E[6,4,6,7] = 0.00692339
E[6,4,6,8] = -0.00692339
E[6,4,7,0] = 0.10454895
E[6,4,7,1] = 0.00589130
E[6,4,7,3] = 0.00186901
E[6,4,7,4] = 0.04163961
E[6,4,7,6] = 0.00692339
E[6,4,7,7] = 0.02445110
E[6,4,8,0] = -0.10454895
E[6,4,8,1] = -0.00589130
E[6,4,8,3] = -0.00186901
E[6,4,8,4] = 0.04163961
E[6,4,8,6] = -0.00692339
E[6,4,8,8] = -0.02445110
E[6,5,0,5] = 0.00532360
E[6,5,1,5] = 0.02607759
E[6,5,2,4] = 0.04516771
E[6,5,2,7] = 0.00323721
E[6,5,2,8] = -0.00323721
E[6,5,3,5] = 0.07823277
E[6,5,4,2] = 0.04516771
E[6,5,5,0] = 0.00532360
E[6,5,5,1] = 0.02607759
E[6,5,5,3] = 0.07823277
E[6,5,5,6] = 0.09529288
E[6,5,5,7] = 0.03638775
E[6,5,5,8] = 0.03638775
E[6,5,6,5] = 0.09529288
E[6,5,7,2] = 0.00323721
E[6,5,7,5] = 0.03638775
E[6,5,8,2] = -0.00323721
E[6,5,8,5] = 0.03638775
E[6,6,0,0] = 0.92611684
E[6,6,0,1] = 0.05997834
E[6,6,0,3] = 0.05997834
E[6,6,0,6] = 0.06707647
E[6,6,0,7] = 0.11480445
E[6,6,0,8] = 0.11480445
E[6,6,1,0] = 0.05997834
E[6,6,1,1] = 0.69873322
E[6,6,1,3] = 0.23291107
E[6,6,1,6] = 0.26768119
E[6,6,1,7] = 0.27373144
E[6,6,1,8] = 0.27373144
E[6,6,2,2] = 0.69873322
E[6,6,3,0] = 0.05997834
E[6,6,3,1] = 0.23291107
E[6,6,3,3] = 0.69873322
E[6,6,3,6] = 0.26768119
E[6,6,3,7] = 0.22478594
E[6,6,3,8] = 0.22478594
E[6,6,4,4] = 0.80304358
E[6,6,4,7] = 0.06383130
E[6,6,4,8] = -0.06383130
E[6,6,5,5] = 0.80304358
E[6,6,6,0] = 0.06707647
E[6,6,6,1] = 0.26768119
E[6,6,6,3] = 0.26768119
E[6,6,6,6] = 0.93010076
E[6,6,6,7] = 0.29780115
E[6,6,6,8] = 0.29780115
E[6,6,7,0] = 0.11480445
E[6,6,7,1] = 0.27373144
E[6,6,7,3] = 0.22478594
E[6,6,7,4] = 0.06383130
E[6,6,7,6] = 0.29780115
E[6,6,7,7] = 0.50014385
E[6,6,7,8] = 0.30644625
E[6,6,8,0] = 0.11480445
E[6,6,8,1] = 0.27373144
E[6,6,8,3] = 0.22478594
E[6,6,8,4] = -0.06383130
E[6,6,8,6] = 0.29780115
E[6,6,8,7] = 0.30644625
E[6,6,8,8] = 0.50014385
E[6,7,0,0] = 0.31400709
E[6,7,0,1] = 0.02054861
E[6,7,0,3] = 0.02046633
E[6,7,0,4] = 0.00027405
E[6,7,0,6] = 0.02206082
E[6,7,0,7] = 0.02580656
E[6,7,0,8] = 0.02520257
E[6,7,1,0] = 0.02054861
E[6,7,1,1] = 0.24835535
E[6,7,1,3] = 0.08220360
E[6,7,1,4] = 0.00577321
E[6,7,1,6] = 0.09124811
E[6,7,1,7] = 0.10794301
E[6,7,1,8] = 0.10015208
E[6,7,2,2] = 0.24661080
E[6,7,2,5] = 0.00329120
E[6,7,3,0] = 0.02046633
E[6,7,3,1] = 0.08220360
E[6,7,3,3] = 0.24488808
E[6,7,3,4] = 0.00190017
E[6,7,3,6] = 0.09029516
E[6,7,3,7] = 0.08363127
E[6,7,3,8] = 0.07782979
E[6,7,4,0] = 0.00027405
E[6,7,4,1] = 0.00577321
E[6,7,4,3] = 0.00190017
E[6,7,4,4] = 0.27374432
E[6,7,4,6] = 0.00692339
E[6,7,4,7] = 0.03788271
E[6,7,4,8] = -0.01516790
E[6,7,5,2] = 0.00329120
E[6,7,5,5] = 0.27088548
E[6,7,6,0] = 0.02206082
E[6,7,6,1] = 0.09124811
E[6,7,6,3] = 0.09029516
E[6,7,6,4] = 0.00692339
E[6,7,6,6] = 0.29780115
E[6,7,6,7] = 0.11231175
E[6,7,6,8] = 0.09178806
E[6,7,7,0] = 0.02580656
E[6,7,7,1] = 0.10794301
E[6,7,7,3] = 0.08363127
E[6,7,7,4] = 0.03788271
E[6,7,7,6] = 0.11231175
E[6,7,7,7] = 0.21180682
E[6,7,7,8] = 0.11816373
E[6,7,8,0] = 0.02520257
E[6,7,8,1] = 0.10015208
E[6,7,8,3] = 0.07782979
E[6,7,8,4] = -0.01516790
E[6,7,8,6] = 0.09178806
E[6,7,8,7] = 0.11816373
E[6,7,8,8] = 0.17232641
E[6,8,0,0] = 0.31400709
E[6,8,0,1] = 0.02054861
E[6,8,0,3] = 0.02046633
E[6,8,0,4] = -0.00027405
E[6,8,0,6] = 0.02206082
E[6,8,0,7] = 0.02520257
E[6,8,0,8] = 0.02580656
E[6,8,1,0] = 0.02054861
E[6,8,1,1] = 0.24835535
E[6,8,1,3] = 0.08220360
E[6,8,1,4] = -0.00577321
E[6,8,1,6] = 0.09124811
E[6,8,1,7] = 0.10015208
E[6,8,1,8] = 0.10794301
E[6,8,2,2] = 0.24661080
E[6,8,2,5] = -0.00329120
E[6,8,3,0] = 0.02046633
E[6,8,3,1] = 0.08220360
E[6,8,3,3] = 0.24488808
E[6,8,3,4] = -0.00190017
E[6,8,3,6] = 0.09029516
E[6,8,3,7] = 0.07782979
E[6,8,3,8] = 0.08363127
E[6,8,4,0] = -0.00027405
E[6,8,4,1] = -0.00577321
E[6,8,4,3] = -0.00190017
E[6,8,4,4] = 0.27374432
E[6,8,4,6] = -0.00692339
E[6,8,4,7] = 0.01516790
E[6,8,4,8] = -0.03788271
E[6,8,5,2] = -0.00329120
E[6,8,5,5] = 0.27088548
E[6,8,6,0] = 0.02206082
E[6,8,6,1] = 0.09124811
E[6,8,6,3] = 0.09029516
E[6,8,6,4] = -0.00692339
E[6,8,6,6] = 0.29780115
E[6,8,6,7] = 0.09178806
E[6,8,6,8] = 0.11231175
E[6,8,7,0] = 0.02520257
E[6,8,7,1] = 0.10015208
E[6,8,7,3] = 0.07782979
E[6,8,7,4] = 0.01516790
E[6,8,7,6] = 0.09178806
E[6,8,7,7] = 0.17232641
E[6,8,7,8] = 0.11816373
E[6,8,8,0] = 0.02580656
E[6,8,8,1] = 0.10794301
E[6,8,8,3] = 0.08363127
E[6,8,8,4] = -0.03788271
E[6,8,8,6] = 0.11231175
E[6,8,8,7] = 0.11816373
E[6,8,8,8] = 0.21180682
E[7,0,0,0] = 0.24844387
E[7,0,0,1] = 0.01011287
E[7,0,0,3] = 0.01008871
E[7,0,0,4] = 0.00002781
E[7,0,0,6] = 0.01009939
E[7,0,0,7] = 0.01552852
E[7,0,0,8] = 0.01544629
E[7,0,1,0] = 0.01011287
E[7,0,1,1] = 0.28007037
E[7,0,1,3] = 0.02491711
E[7,0,1,4] = 0.23640196
E[7,0,1,6] = 0.11560907
E[7,0,1,7] = 0.02874688
E[7,0,1,8] = 0.02850620
E[7,0,2,2] = 0.07475133
E[7,0,2,5] = 0.00008618
E[7,0,3,0] = 0.01008871
E[7,0,3,1] = 0.02491711
E[7,0,3,3] = 0.07462168
E[7,0,3,4] = 0.00004976
E[7,0,3,6] = 0.02489299
E[7,0,3,7] = 0.02347844
E[7,0,3,8] = 0.02328195
E[7,0,4,0] = 0.00002781
E[7,0,4,1] = 0.23640196
E[7,0,4,3] = 0.00004976
E[7,0,4,4] = 0.34682721
E[7,0,4,6] = 0.10454895
E[7,0,4,7] = 0.00606603
E[7,0,4,8] = -0.00538797
E[7,0,5,2] = 0.00008618
E[7,0,5,5] = 0.07467897
E[7,0,6,0] = 0.01009939
E[7,0,6,1] = 0.11560907
E[7,0,6,3] = 0.02489299
E[7,0,6,4] = 0.10454895
E[7,0,6,6] = 0.11480445
E[7,0,6,7] = 0.02580656
E[7,0,6,8] = 0.02520257
E[7,0,7,0] = 0.01552852
E[7,0,7,1] = 0.02874688
E[7,0,7,3] = 0.02347844
E[7,0,7,4] = 0.00606603
E[7,0,7,6] = 0.02580656
E[7,0,7,7] = 0.04530109
E[7,0,7,8] = 0.02927273
E[7,0,8,0] = 0.01544629
E[7,0,8,1] = 0.02850620
E[7,0,8,3] = 0.02328195
E[7,0,8,4] = -0.00538797
E[7,0,8,6] = 0.02520257
E[7,0,8,7] = 0.02927273
E[7,0,8,8] = 0.04446627
E[7,1,0,0] = 0.34643180
E[7,1,0,1] = 0.02444130
E[7,1,0,3] = 0.02262148
E[7,1,0,4] = 0.00028047
E[7,1,0,6] = 0.02266031
E[7,1,0,7] = 0.02874688
E[7,1,0,8] = 0.02850620
E[7,1,1,0] = 0.02444130
E[7,1,1,1] = 0.33566584
E[7,1,1,3] = 0.10092752
E[7,1,1,4] = 0.00717664
E[7,1,1,6] = 0.10139523
E[7,1,1,7] = 0.15103627
E[7,1,1,8] = 0.14577970
E[7,1,2,2] = 0.30278256
E[7,1,2,5] = 0.00338236
E[7,1,3,0] = 0.02262148
E[7,1,3,1] = 0.10092752
E[7,1,3,3] = 0.27208315
E[7,1,3,4] = 0.00195281
E[7,1,3,6] = 0.09096834
E[7,1,3,7] = 0.09561654
E[7,1,3,8] = 0.09310115
E[7,1,4,0] = 0.00028047
E[7,1,4,1] = 0.00717664
E[7,1,4,3] = 0.00195281
E[7,1,4,4] = 0.30418570
E[7,1,4,6] = 0.00589130
E[7,1,4,7] = 0.04200770
E[7,1,4,8] = -0.02606449
E[7,1,5,2] = 0.00338236
E[7,1,5,5] = 0.27290502
E[7,1,6,0] = 0.02266031
E[7,1,6,1] = 0.10139523
E[7,1,6,3] = 0.09096834
E[7,1,6,4] = 0.00589130
E[7,1,6,6] = 0.27373144
E[7,1,6,7] = 0.10794301
E[7,1,6,8] = 0.10015208
E[7,1,7,0] = 0.02874688
E[7,1,7,1] = 0.15103627
E[7,1,7,3] = 0.09561654
E[7,1,7,4] = 0.04200770
E[7,1,7,6] = 0.10794301
E[7,1,7,7] = 0.25900065
E[7,1,7,8] = 0.16121841
E[7,1,8,0] = 0.02850620
E[7,1,8,1] = 0.14577970
E[7,1,8,3] = 0.09310115
E[7,1,8,4] = -0.02606449
E[7,1,8,6] = 0.10015208
E[7,1,8,7] = 0.16121841
E[7,1,8,8] = 0.23692980
E[7,2,0,2] = 0.00236434
E[7,2,0,5] = 0.00015529
E[7,2,1,2] = 0.03997537
E[7,2,1,5] = 0.00177740
E[7,2,2,0] = 0.00236434
E[7,2,2,1] = 0.03997537
E[7,2,2,3] = 0.03841690
E[7,2,2,4] = 0.00307855
E[7,2,2,6] = 0.01305345
E[7,2,2,7] = 0.02840302
E[7,2,2,8] = 0.02641512
E[7,2,3,2] = 0.03841690
E[7,2,3,5] = 0.00321901
E[7,2,4,2] = 0.00307855
E[7,2,4,5] = 0.02260923
E[7,2,5,0] = 0.00015529
E[7,2,5,1] = 0.00177740
E[7,2,5,3] = 0.00321901
E[7,2,5,4] = 0.02260923
E[7,2,5,6] = 0.00323721
E[7,2,5,7] = 0.00856539
E[7,2,5,8] = -0.00326935
E[7,2,6,2] = 0.01305345
E[7,2,6,5] = 0.00323721
E[7,2,7,2] = 0.02840302
E[7,2,7,5] = 0.00856539
E[7,2,8,2] = 0.02641512
E[7,2,8,5] = -0.00326935
E[7,3,0,0] = 0.28833358
E[7,3,0,1] = 0.01883777
E[7,3,0,3] = 0.02018040
E[7,3,0,4] = 0.00008965
E[7,3,0,6] = 0.01879431
E[7,3,0,7] = 0.02347844
E[7,3,0,8] = 0.02328195
E[7,3,1,0] = 0.01883777
E[7,3,1,1] = 0.22660427
E[7,3,1,3] = 0.08278338
E[7,3,1,4] = 0.00188228
E[7,3,1,6] = 0.07523671
E[7,3,1,7] = 0.09561654
E[7,3,1,8] = 0.09310115
E[7,3,2,2] = 0.24835015
E[7,3,2,5] = 0.00173622
E[7,3,3,0] = 0.02018040
E[7,3,3,1] = 0.08278338
E[7,3,3,3] = 0.26812133
E[7,3,3,4] = 0.00100241
E[7,3,3,6] = 0.08229750
E[7,3,3,7] = 0.08448680
E[7,3,3,8] = 0.08183411
E[7,3,4,0] = 0.00008965
E[7,3,4,1] = 0.00188228
E[7,3,4,3] = 0.00100241
E[7,3,4,4] = 0.22571014
E[7,3,4,6] = 0.00186901
E[7,3,4,7] = 0.02472614
E[7,3,4,8] = -0.01746793
E[7,3,5,2] = 0.00173622
E[7,3,5,5] = 0.24689249
E[7,3,6,0] = 0.01879431
E[7,3,6,1] = 0.07523671
E[7,3,6,3] = 0.08229750
E[7,3,6,4] = 0.00186901
E[7,3,6,6] = 0.22478594
E[7,3,6,7] = 0.08363127
E[7,3,6,8] = 0.07782979
E[7,3,7,0] = 0.02347844
E[7,3,7,1] = 0.09561654
E[7,3,7,3] = 0.08448680
E[7,3,7,4] = 0.02472614
E[7,3,7,6] = 0.08363127
E[7,3,7,7] = 0.17443929
E[7,3,7,8] = 0.10724415
E[7,3,8,0] = 0.02328195
E[7,3,8,1] = 0.09310115
E[7,3,8,3] = 0.08183411
E[7,3,8,4] = -0.01746793
E[7,3,8,6] = 0.07782979
E[7,3,8,7] = 0.10724415
E[7,3,8,8] = 0.16207504
E[7,4,0,0] = 0.06689361
E[7,4,0,1] = 0.00463699
E[7,4,0,3] = 0.00444618
E[7,4,0,4] = 0.00248081
E[7,4,0,6] = 0.00463057
E[7,4,0,7] = 0.00606603
E[7,4,0,8] = 0.00538797
E[7,4,1,0] = 0.00463699
E[7,4,1,1] = 0.06420265
E[7,4,1,3] = 0.02003485
E[7,4,1,4] = 0.04252664
E[7,4,1,6] = 0.02215126
E[7,4,1,7] = 0.04200770
E[7,4,1,8] = 0.02606449
E[7,4,2,2] = 0.06010456
E[7,4,2,5] = 0.02360353
E[7,4,3,0] = 0.00444618
E[7,4,3,1] = 0.02003485
E[7,4,3,3] = 0.05610463
E[7,4,3,4] = 0.01362751
E[7,4,3,6] = 0.01998222
E[7,4,3,7] = 0.02472614
E[7,4,3,8] = 0.01746793
E[7,4,4,0] = 0.00248081
E[7,4,4,1] = 0.04252664
E[7,4,4,3] = 0.01362751
E[7,4,4,4] = 0.06645377
E[7,4,4,6] = 0.04163961
E[7,4,4,7] = 0.04260693
E[7,4,4,8] = 0.02069165
E[7,4,5,2] = 0.02360353
E[7,4,5,5] = 0.05994665
E[7,4,6,0] = 0.00463057
E[7,4,6,1] = 0.02215126
E[7,4,6,3] = 0.01998222
E[7,4,6,4] = 0.04163961
E[7,4,6,6] = 0.06383130
E[7,4,6,7] = 0.03788271
E[7,4,6,8] = 0.01516790
E[7,4,7,0] = 0.00606603
E[7,4,7,1] = 0.04200770
E[7,4,7,3] = 0.02472614
E[7,4,7,4] = 0.04260693
E[7,4,7,6] = 0.03788271
E[7,4,7,7] = 0.09736296
E[7,4,7,8] = 0.03987177
E[7,4,8,0] = 0.00538797
E[7,4,8,1] = 0.02606449
E[7,4,8,3] = 0.01746793
E[7,4,8,4] = 0.02069165
E[7,4,8,6] = 0.01516790
E[7,4,8,7] = 0.03987177
E[7,4,8,8] = 0.03051292
E[7,5,0,2] = 0.00015529
E[7,5,0,5] = 0.00223397
E[7,5,1,2] = 0.00326020
E[7,5,1,5] = 0.01243100
E[7,5,2,0] = 0.00015529
E[7,5,2,1] = 0.00326020
E[7,5,2,3] = 0.00321901
E[7,5,2,4] = 0.02153112
E[7,5,2,6] = 0.00175442
E[7,5,2,7] = 0.00856539
E[7,5,2,8] = 0.00326935
E[7,5,3,2] = 0.00321901
E[7,5,3,5] = 0.03571434
E[7,5,4,2] = 0.02153112
E[7,5,4,5] = 0.00303874
E[7,5,5,0] = 0.00223397
E[7,5,5,1] = 0.01243100
E[7,5,5,3] = 0.03571434
E[7,5,5,4] = 0.00303874
E[7,5,5,6] = 0.03638775
E[7,5,5,7] = 0.02121186
E[7,5,5,8] = 0.01309369
E[7,5,6,2] = 0.00175442
E[7,5,6,5] = 0.03638775
E[7,5,7,2] = 0.00856539
E[7,5,7,5] = 0.02121186
E[7,5,8,2] = 0.00326935
E[7,5,8,5] = 0.01309369
E[7,6,0,0] = 0.31400709
E[7,6,0,1] = 0.02054861
E[7,6,0,3] = 0.02046633
E[7,6,0,4] = 0.00027405
E[7,6,0,6] = 0.02206082
E[7,6,0,7] = 0.02580656
E[7,6,0,8] = 0.02520257
E[7,6,1,0] = 0.02054861
E[7,6,1,1] = 0.24835535
E[7,6,1,3] = 0.08220360
E[7,6,1,4] = 0.00577321
E[7,6,1,6] = 0.09124811
E[7,6,1,7] = 0.10794301
E[7,6,1,8] = 0.10015208
E[7,6,2,2] = 0.24661080
E[7,6,2,5] = 0.00329120
E[7,6,3,0] = 0.02046633
E[7,6,3,1] = 0.08220360
E[7,6,3,3] = 0.24488808
E[7,6,3,4] = 0.00190017
E[7,6,3,6] = 0.09029516
E[7,6,3,7] = 0.08363127
E[7,6,3,8] = 0.07782979
E[7,6,4,0] = 0.00027405
E[7,6,4,1] = 0.00577321
E[7,6,4,3] = 0.00190017
E[7,6,4,4] = 0.27374432
E[7,6,4,6] = 0.00692339
E[7,6,4,7] = 0.03788271
E[7,6,4,8] = -0.01516790
E[7,6,5,2] = 0.00329120
E[7,6,5,5] = 0.27088548
E[7,6,6,0] = 0.02206082
E[7,6,6,1] = 0.09124811
E[7,6,6,3] = 0.09029516
E[7,6,6,4] = 0.00692339
E[7,6,6,6] = 0.29780115
E[7,6,6,7] = 0.11231175
E[7,6,6,8] = 0.09178806
E[7,6,7,0] = 0.02580656
E[7,6,7,1] = 0.10794301
E[7,6,7,3] = 0.08363127
E[7,6,7,4] = 0.03788271
E[7,6,7,6] = 0.11231175
E[7,6,7,7] = 0.21180682
E[7,6,7,8] = 0.11816373
E[7,6,8,0] = 0.02520257
E[7,6,8,1] = 0.10015208
E[7,6,8,3] = 0.07782979
E[7,6,8,4] = -0.01516790
E[7,6,8,6] = 0.09178806
E[7,6,8,7] = 0.11816373
E[7,6,8,8] = 0.17232641
E[7,7,0,0] = 0.54487850
E[7,7,0,1] = 0.03720057
E[7,7,0,3] = 0.03646241
E[7,7,0,4] = 0.00084991
E[7,7,0,6] = 0.03678861
E[7,7,0,7] = 0.04530109
E[7,7,0,8] = 0.04446627
E[7,7,1,0] = 0.03720057
E[7,7,1,1] = 0.52430494
E[7,7,1,3] = 0.16741652
E[7,7,1,4] = 0.02539429
E[7,7,1,6] = 0.17109768
E[7,7,1,7] = 0.25900065
E[7,7,1,8] = 0.23692980
E[7,7,2,2] = 0.50224957
E[7,7,2,5] = 0.01368568
E[7,7,3,0] = 0.03646241
E[7,7,3,1] = 0.16741652
E[7,7,3,3] = 0.48166200
E[7,7,3,4] = 0.00790143
E[7,7,3,6] = 0.16358654
E[7,7,3,7] = 0.17443929
E[7,7,3,8] = 0.16207504
E[7,7,4,0] = 0.00084991
E[7,7,4,1] = 0.02539429
E[7,7,4,3] = 0.00790143
E[7,7,4,4] = 0.51329304
E[7,7,4,6] = 0.02445110
E[7,7,4,7] = 0.09736296
E[7,7,4,8] = -0.03051292
E[7,7,5,2] = 0.01368568
E[7,7,5,5] = 0.49075962
E[7,7,6,0] = 0.03678861
E[7,7,6,1] = 0.17109768
E[7,7,6,3] = 0.16358654
E[7,7,6,4] = 0.02445110
E[7,7,6,6] = 0.50014385
E[7,7,6,7] = 0.21180682
E[7,7,6,8] = 0.17232641
E[7,7,7,0] = 0.04530109
E[7,7,7,1] = 0.25900065
E[7,7,7,3] = 0.17443929
E[7,7,7,4] = 0.09736296
E[7,7,7,6] = 0.21180682
E[7,7,7,7] = 0.61803872
E[7,7,7,8] = 0.32835665
E[7,7,8,0] = 0.04446627
E[7,7,8,1] = 0.23692980
E[7,7,8,3] = 0.16207504
E[7,7,8,4] = -0.03051292
E[7,7,8,6] = 0.17232641
E[7,7,8,7] = 0.32835665
E[7,7,8,8] = 0.45130042
E[7,8,0,0] = 0.35590876
E[7,8,0,1] = 0.02422157
E[7,8,0,3] = 0.02363526
E[7,8,0,6] = 0.02363526
E[7,8,0,7] = 0.02927273
E[7,8,0,8] = 0.02927273
E[7,8,1,0] = 0.02422157
E[7,8,1,1] = 0.33921917
E[7,8,1,3] = 0.10741109
E[7,8,1,6] = 0.10741109
E[7,8,1,7] = 0.16121841
E[7,8,1,8] = 0.16121841
E[7,8,2,2] = 0.32223327
E[7,8,3,0] = 0.02363526
E[7,8,3,1] = 0.10741109
E[7,8,3,3] = 0.30644625
E[7,8,3,6] = 0.10214875
E[7,8,3,7] = 0.10724415
E[7,8,3,8] = 0.10724415
E[7,8,4,4] = 0.32223327
E[7,8,4,7] = 0.03987177
E[7,8,4,8] = -0.03987177
E[7,8,5,5] = 0.30644625
E[7,8,6,0] = 0.02363526
E[7,8,6,1] = 0.10741109
E[7,8,6,3] = 0.10214875
E[7,8,6,6] = 0.30644625
E[7,8,6,7] = 0.11816373
E[7,8,6,8] = 0.11816373
E[7,8,7,0] = 0.02927273
E[7,8,7,1] = 0.16121841
E[7,8,7,3] = 0.10724415
E[7,8,7,4] = 0.03987177
E[7,8,7,6] = 0.11816373
E[7,8,7,7] = 0.32835665
E[7,8,7,8] = 0.20784551
E[7,8,8,0] = 0.02927273
E[7,8,8,1] = 0.16121841
E[7,8,8,3] = 0.10724415
E[7,8,8,4] = -0.03987177
E[7,8,8,6] = 0.11816373
E[7,8,8,7] = 0.20784551
E[7,8,8,8] = 0.32835665
E[8,0,0,0] = 0.24844387
E[8,0,0,1] = 0.01011287
E[8,0,0,3] = 0.01008871
E[8,0,0,4] = -0.00002781
E[8,0,0,6] = 0.01009939
E[8,0,0,7] = 0.01544629
E[8,0,0,8] = 0.01552852
E[8,0,1,0] = 0.01011287
E[8,0,1,1] = 0.28007037
E[8,0,1,3] = 0.02491711
E[8,0,1,4] = -0.23640196
E[8,0,1,6] = 0.11560907
E[8,0,1,7] = 0.02850620
E[8,0,1,8] = 0.02874688
E[8,0,2,2] = 0.07475133
E[8,0,2,5] = -0.00008618
E[8,0,3,0] = 0.01008871
E[8,0,3,1] = 0.02491711
E[8,0,3,3] = 0.07462168
E[8,0,3,4] = -0.00004976
E[8,0,3,6] = 0.02489299
E[8,0,3,7] = 0.02328195
E[8,0,3,8] = 0.02347844
E[8,0,4,0] = -0.00002781
E[8,0,4,1] = -0.23640196
E[8,0,4,3] = -0.00004976
E[8,0,4,4] = 0.34682721
E[8,0,4,6] = -0.10454895
E[8,0,4,7] = 0.00538797
E[8,0,4,8] = -0.00606603
E[8,0,5,2] = -0.00008618
E[8,0,5,5] = 0.07467897
E[8,0,6,0] = 0.01009939
E[8,0,6,1] = 0.11560907
E[8,0,6,3] = 0.02489299
E[8,0,6,4] = -0.10454895
E[8,0,6,6] = 0.11480445
E[8,0,6,7] = 0.02520257
E[8,0,6,8] = 0.02580656
E[8,0,7,0] = 0.01544629
E[8,0,7,1] = 0.02850620
E[8,0,7,3] = 0.02328195
E[8,0,7,4] = 0.00538797
E[8,0,7,6] = 0.02520257
E[8,0,7,7] = 0.04446627
E[8,0,7,8] = 0.02927273
E[8,0,8,0] = 0.01552852
E[8,0,8,1] = 0.02874688
E[8,0,8,3] = 0.02347844
E[8,0,8,4] = -0.00606603
E[8,0,8,6] = 0.02580656
E[8,0,8,7] = 0.02927273
E[8,0,8,8] = 0.04530109
E[8,1,0,0] = 0.34643180
E[8,1,0,1] = 0.02444130
E[8,1,0,3] = 0.02262148
E[8,1,0,4] = -0.00028047
E[8,1,0,6] = 0.02266031
E[8,1,0,7] = 0.02850620
E[8,1,0,8] = 0.02874688
E[8,1,1,0] = 0.02444130
E[8,1,1,1] = 0.33566584
E[8,1,1,3] = 0.10092752
E[8,1,1,4] = -0.00717664
E[8,1,1,6] = 0.10139523
E[8,1,1,7] = 0.14577970
E[8,1,1,8] = 0.15103627
E[8,1,2,2] = 0.30278256
E[8,1,2,5] = -0.00338236
E[8,1,3,0] = 0.02262148
E[8,1,3,1] = 0.10092752
E[8,1,3,3] = 0.27208315
E[8,1,3,4] = -0.00195281
E[8,1,3,6] = 0.09096834
E[8,1,3,7] = 0.09310115
E[8,1,3,8] = 0.09561654
E[8,1,4,0] = -0.00028047
E[8,1,4,1] = -0.00717664
E[8,1,4,3] = -0.00195281
E[8,1,4,4] = 0.30418570
E[8,1,4,6] = -0.00589130
E[8,1,4,7] = 0.02606449
E[8,1,4,8] = -0.04200770
E[8,1,5,2] = -0.00338236
E[8,1,5,5] = 0.27290502
E[8,1,6,0] = 0.02266031
E[8,1,6,1] = 0.10139523
E[8,1,6,3] = 0.09096834
E[8,1,6,4] = -0.00589130
E[8,1,6,6] = 0.27373144
E[8,1,6,7] = 0.10015208
E[8,1,6,8] = 0.10794301
E[8,1,7,0] = 0.02850620
E[8,1,7,1] = 0.14577970
E[8,1,7,3] = 0.09310115
E[8,1,7,4] = 0.02606449
E[8,1,7,6] = 0.10015208
E[8,1,7,7] = 0.23692980
E[8,1,7,8] = 0.16121841
E[8,1,8,0] = 0.02874688
E[8,1,8,1] = 0.15103627
E[8,1,8,3] = 0.09561654
E[8,1,8,4] = -0.04200770
E[8,1,8,6] = 0.10794301
E[8,1,8,7] = 0.16121841
E[8,1,8,8] = 0.25900065
E[8,2,0,2] = 0.00236434
E[8,2,0,5] = -0.00015529
E[8,2,1,2] = 0.03997537
E[8,2,1,5] = -0.00177740
E[8,2,2,0] = 0.00236434
E[8,2,2,1] = 0.03997537
E[8,2,2,3] = 0.03841690
E[8,2,2,4] = -0.00307855
E[8,2,2,6] = 0.01305345
E[8,2,2,7] = 0.02641512
E[8,2,2,8] = 0.02840302
E[8,2,3,2] = 0.03841690
E[8,2,3,5] = -0.00321901
E[8,2,4,2] = -0.00307855
E[8,2,4,5] = 0.02260923
E[8,2,5,0] = -0.00015529
E[8,2,5,1] = -0.00177740
E[8,2,5,3] = -0.00321901
E[8,2,5,4] = 0.02260923
E[8,2,5,6] = -0.00323721
E[8,2,5,7] = 0.00326935
E[8,2,5,8] = -0.00856539
E[8,2,6,2] = 0.01305345
E[8,2,6,5] = -0.00323721
E[8,2,7,2] = 0.02641512
E[8,2,7,5] = 0.00326935
E[8,2,8,2] = 0.02840302
E[8,2,8,5] = -0.00856539
E[8,3,0,0] = 0.28833358
E[8,3,0,1] = 0.01883777
E[8,3,0,3] = 0.02018040
E[8,3,0,4] = -0.00008965
E[8,3,0,6] = 0.01879431
E[8,3,0,7] = 0.02328195
E[8,3,0,8] = 0.02347844
E[8,3,1,0] = 0.01883777
E[8,3,1,1] = 0.22660427
E[8,3,1,3] = 0.08278338
E[8,3,1,4] = -0.00188228
E[8,3,1,6] = 0.07523671
E[8,3,1,7] = 0.09310115
E[8,3,1,8] = 0.09561654
E[8,3,2,2] = 0.24835015
E[8,3,2,5] = -0.00173622
E[8,3,3,0] = 0.02018040
E[8,3,3,1] = 0.08278338
E[8,3,3,3] = 0.26812133
E[8,3,3,4] = -0.00100241
E[8,3,3,6] = 0.08229750
E[8,3,3,7] = 0.08183411
E[8,3,3,8] = 0.08448680
E[8,3,4,0] = -0.00008965
E[8,3,4,1] = -0.00188228
E[8,3,4,3] = -0.00100241
E[8,3,4,4] = 0.22571014
E[8,3,4,6] = -0.00186901
E[8,3,4,7] = 0.01746793
E[8,3,4,8] = -0.02472614
E[8,3,5,2] = -0.00173622
E[8,3,5,5] = 0.24689249
E[8,3,6,0] = 0.01879431
E[8,3,6,1] = 0.07523671
E[8,3,6,3] = 0.08229750
E[8,3,6,4] = -0.00186901
E[8,3,6,6] = 0.22478594
E[8,3,6,7] = 0.07782979
E[8,3,6,8] = 0.08363127
E[8,3,7,0] = 0.02328195
E[8,3,7,1] = 0.09310115
E[8,3,7,3] = 0.08183411
E[8,3,7,4] = 0.01746793
E[8,3,7,6] = 0.07782979
E[8,3,7,7] = 0.16207504
E[8,3,7,8] = 0.10724415
E[8,3,8,0] = 0.02347844
E[8,3,8,1] = 0.09561654
E[8,3,8,3] = 0.08448680
E[8,3,8,4] = -0.02472614
E[8,3,8,6] = 0.08363127
E[8,3,8,7] = 0.10724415
E[8,3,8,8] = 0.17443929
E[8,4,0,0] = -0.06689361
E[8,4,0,1] = -0.00463699
E[8,4,0,3] = -0.00444618
E[8,4,0,4] = 0.00248081
E[8,4,0,6] = -0.00463057
E[8,4,0,7] = -0.00538797
E[8,4,0,8] = -0.00606603
E[8,4,1,0] = -0.00463699
E[8,4,1,1] = -0.06420265
E[8,4,1,3] = -0.02003485
E[8,4,1,4] = 0.04252664
E[8,4,1,6] = -0.02215126
E[8,4,1,7] = -0.02606449
E[8,4,1,8] = -0.04200770
E[8,4,2,2] = -0.06010456
E[8,4,2,5] = 0.02360353
E[8,4,3,0] = -0.00444618
E[8,4,3,1] = -0.02003485
E[8,4,3,3] = -0.05610463
E[8,4,3,4] = 0.01362751
E[8,4,3,6] = -0.01998222
E[8,4,3,7] = -0.01746793
E[8,4,3,8] = -0.02472614
E[8,4,4,0] = 0.00248081
E[8,4,4,1] = 0.04252664
E[8,4,4,3] = 0.01362751
E[8,4,4,4] = -0.06645377
E[8,4,4,6] = 0.04163961
E[8,4,4,7] = 0.02069165
E[8,4,4,8] = 0.04260693
E[8,4,5,2] = 0.02360353
E[8,4,5,5] = -0.05994665
E[8,4,6,0] = -0.00463057
E[8,4,6,1] = -0.02215126
E[8,4,6,3] = -0.01998222
E[8,4,6,4] = 0.04163961
E[8,4,6,6] = -0.06383130
E[8,4,6,7] = -0.01516790
E[8,4,6,8] = -0.03788271
E[8,4,7,0] = -0.00538797
E[8,4,7,1] = -0.02606449
E[8,4,7,3] = -0.01746793
E[8,4,7,4] = 0.02069165
E[8,4,7,6] = -0.01516790
E[8,4,7,7] = -0.03051292
E[8,4,7,8] = -0.03987177
E[8,4,8,0] = -0.00606603
E[8,4,8,1] = -0.04200770
E[8,4,8,3] = -0.02472614
E[8,4,8,4] = 0.04260693
E[8,4,8,6] = -0.03788271
E[8,4,8,7] = -0.03987177
E[8,4,8,8] = -0.09736296
E[8,5,0,2] = -0.00015529
E[8,5,0,5] = 0.00223397
E[8,5,1,2] = -0.00326020
E[8,5,1,5] = 0.01243100
E[8,5,2,0] = -0.00015529
E[8,5,2,1] = -0.00326020
E[8,5,2,3] = -0.00321901
E[8,5,2,4] = 0.02153112
E[8,5,2,6] = -0.00175442
E[8,5,2,7] = -0.00326935
E[8,5,2,8] = -0.00856539
E[8,5,3,2] = -0.00321901
E[8,5,3,5] = 0.03571434
E[8,5,4,2] = 0.02153112
E[8,5,4,5] = -0.00303874
E[8,5,5,0] = 0.00223397
E[8,5,5,1] = 0.01243100
E[8,5,5,3] = 0.03571434
E[8,5,5,4] = -0.00303874
E[8,5,5,6] = 0.03638775
E[8,5,5,7] = 0.01309369
E[8,5,5,8] = 0.02121186
E[8,5,6,2] = -0.00175442
E[8,5,6,5] = 0.03638775
E[8,5,7,2] = -0.00326935
E[8,5,7,5] = 0.01309369
E[8,5,8,2] = -0.00856539
E[8,5,8,5] = 0.02121186
E[8,6,0,0] = 0.31400709
E[8,6,0,1] = 0.02054861
E[8,6,0,3] = 0.02046633
E[8,6,0,4] = -0.00027405
E[8,6,0,6] = 0.02206082
E[8,6,0,7] = 0.02520257
E[8,6,0,8] = 0.02580656
E[8,6,1,0] = 0.02054861
E[8,6,1,1] = 0.24835535
E[8,6,1,3] = 0.08220360
E[8,6,1,4] = -0.00577321
E[8,6,1,6] = 0.09124811
E[8,6,1,7] = 0.10015208
E[8,6,1,8] = 0.10794301
E[8,6,2,2] = 0.24661080
E[8,6,2,5] = -0.00329120
E[8,6,3,0] = 0.02046633
E[8,6,3,1] = 0.08220360
E[8,6,3,3] = 0.24488808
E[8,6,3,4] = -0.00190017
E[8,6,3,6] = 0.09029516
E[8,6,3,7] = 0.07782979
E[8,6,3,8] = 0.08363127
E[8,6,4,0] = -0.00027405
E[8,6,4,1] = -0.00577321
E[8,6,4,3] = -0.00190017
E[8,6,4,4] = 0.27374432
E[8,6,4,6] = -0.00692339
E[8,6,4,7] = 0.01516790
E[8,6,4,8] = -0.03788271
E[8,6,5,2] = -0.00329120
E[8,6,5,5] = 0.27088548
E[8,6,6,0] = 0.02206082
E[8,6,6,1] = 0.09124811
E[8,6,6,3] = 0.09029516
E[8,6,6,4] = -0.00692339
E[8,6,6,6] = 0.29780115
E[8,6,6,7] = 0.09178806
E[8,6,6,8] = 0.11231175
E[8,6,7,0] = 0.02520257
E[8,6,7,1] = 0.10015208
E[8,6,7,3] = 0.07782979
E[8,6,7,4] = 0.01516790
E[8,6,7,6] = 0.09178806
E[8,6,7,7] = 0.17232641
E[8,6,7,8] = 0.11816373
E[8,6,8,0] = 0.02580656
E[8,6,8,1] = 0.10794301
E[8,6,8,3] = 0.08363127
E[8,6,8,4] = -0.03788271
E[8,6,8,6] = 0.11231175
E[8,6,8,7] = 0.11816373
E[8,6,8,8] = 0.21180682
E[8,7,0,0] = 0.35590876
E[8,7,0,1] = 0.02422157
E[8,7,0,3] = 0.02363526
E[8,7,0,6] = 0.02363526
E[8,7,0,7] = 0.02927273
E[8,7,0,8] = 0.02927273
E[8,7,1,0] = 0.02422157
E[8,7,1,1] = 0.33921917
E[8,7,1,3] = 0.10741109
E[8,7,1,6] = 0.10741109
E[8,7,1,7] = 0.16121841
E[8,7,1,8] = 0.16121841
E[8,7,2,2] = 0.32223327
E[8,7,3,0] = 0.02363526
E[8,7,3,1] = 0.10741109
E[8,7,3,3] = 0.30644625
E[8,7,3,6] = 0.10214875
E[8,7,3,7] = 0.10724415
E[8,7,3,8] = 0.10724415
E[8,7,4,4] = 0.32223327
E[8,7,4,7] = 0.03987177
E[8,7,4,8] = -0.03987177
E[8,7,5,5] = 0.30644625
E[8,7,6,0] = 0.02363526
E[8,7,6,1] = 0.10741109
E[8,7,6,3] = 0.10214875
E[8,7,6,6] = 0.30644625
E[8,7,6,7] = 0.11816373
E[8,7,6,8] = 0.11816373
E[8,7,7,0] = 0.02927273
E[8,7,7,1] = 0.16121841
E[8,7,7,3] = 0.10724415
E[8,7,7,4] = 0.03987177
E[8,7,7,6] = 0.11816373
E[8,7,7,7] = 0.32835665
E[8,7,7,8] = 0.20784551
E[8,7,8,0] = 0.02927273
E[8,7,8,1] = 0.16121841
E[8,7,8,3] = 0.10724415
E[8,7,8,4] = -0.03987177
E[8,7,8,6] = 0.11816373
E[8,7,8,7] = 0.20784551
E[8,7,8,8] = 0.32835665
E[8,8,0,0] = 0.54487850
E[8,8,0,1] = 0.03720057
E[8,8,0,3] = 0.03646241
E[8,8,0,4] = -0.00084991
E[8,8,0,6] = 0.03678861
E[8,8,0,7] = 0.04446627
E[8,8,0,8] = 0.04530109
E[8,8,1,0] = 0.03720057
E[8,8,1,1] = 0.52430494
E[8,8,1,3] = 0.16741652
E[8,8,1,4] = -0.02539429
E[8,8,1,6] = 0.17109768
E[8,8,1,7] = 0.23692980
E[8,8,1,8] = 0.25900065
E[8,8,2,2] = 0.50224957
E[8,8,2,5] = -0.01368568
E[8,8,3,0] = 0.03646241
E[8,8,3,1] = 0.16741652
E[8,8,3,3] = 0.48166200
E[8,8,3,4] = -0.00790143
E[8,8,3,6] = 0.16358654
E[8,8,3,7] = 0.16207504
E[8,8,3,8] = 0.17443929
E[8,8,4,0] = -0.00084991
E[8,8,4,1] = -0.02539429
E[8,8,4,3] = -0.00790143
E[8,8,4,4] = 0.51329304
E[8,8,4,6] = -0.02445110
E[8,8,4,7] = 0.03051292
E[8,8,4,8] = -0.09736296
E[8,8,5,2] = -0.01368568
E[8,8,5,5] = 0.49075962
E[8,8,6,0] = 0.03678861
E[8,8,6,1] = 0.17109768
E[8,8,6,3] = 0.16358654
E[8,8,6,4] = -0.02445110
E[8,8,6,6] = 0.50014385
E[8,8,6,7] = 0.17232641
E[8,8,6,8] = 0.21180682
E[8,8,7,0] = 0.04446627
E[8,8,7,1] = 0.23692980
E[8,8,7,3] = 0.16207504
E[8,8,7,4] = 0.03051292
E[8,8,7,6] = 0.17232641
E[8,8,7,7] = 0.45130042
E[8,8,7,8] = 0.32835665
E[8,8,8,0] = 0.04530109
E[8,8,8,1] = 0.25900065
E[8,8,8,3] = 0.17443929
E[8,8,8,4] = -0.09736296
E[8,8,8,6] = 0.21180682
E[8,8,8,7] = 0.32835665
E[8,8,8,8] = 0.61803872
