$DATA
HYDROGEN
S   3
  1     18.7311370              0.03349460       
  2      2.8253937              0.23472695       
  3      0.6401217              0.81375733       
S   1
  1      0.1612778              1.00000000

OXYGEN
S   6
  1   5484.6717000              0.0018311        
  2    825.2349500              0.0139501        
  3    188.0469600              0.0684451        
  4     52.9645000              0.2327143        
  5     16.8975700              0.4701930        
  6      5.7996353              0.3585209
L   3
  1     15.5396160             -0.1107775              0.0708743        
  2      3.5999336             -0.1480263              0.3397528        
  3      1.0137618              1.1307670              0.7271586        
L   1
  1      0.2700058              1.0000000              1.0000000
$END
