S matrix: 
 1.000000016547  0.236703941650  0.000000000000  0.000000000000  0.000000000000  0.038405599929  0.038405599929
 0.236703941650  1.000000026875  0.000000000000  0.000000000000  0.000000000000  0.386138843908  0.386138843908
 0.000000000000  0.000000000000  1.000000019521  0.000000000000  0.000000000000  0.268438245114 -0.268438245114
 0.000000000000  0.000000000000  0.000000000000  1.000000019521  0.000000000000  0.209726942512  0.209726942512
 0.000000000000  0.000000000000  0.000000000000  0.000000000000  1.000000019521  0.000000000000  0.000000000000
 0.038405599929  0.386138843908  0.268438245114  0.209726942512  0.000000000000  0.999999990890  0.181759884642
 0.038405599929  0.386138843908 -0.268438245114  0.209726942512  0.000000000000  0.181759884642  0.999999990890

Kinetic energy matrix: 
29.003200425457 -0.168010942964  0.000000000000  0.000000000000  0.000000000000 -0.008416383576 -0.008416383576
-0.168010942964  0.808127976649  0.000000000000  0.000000000000  0.000000000000  0.070517373377  0.070517373377
 0.000000000000  0.000000000000  2.528731247559  0.000000000000  0.000000000000  0.147090914070 -0.147090914070
 0.000000000000  0.000000000000  0.000000000000  2.528731247559  0.000000000000  0.114920016952  0.114920016952
 0.000000000000  0.000000000000  0.000000000000  0.000000000000  2.528731247559  0.000000000000  0.000000000000
-0.008416383576  0.070517373377  0.147090914070  0.114920016952  0.000000000000  0.760031876643 -0.003979868586
-0.008416383576  0.070517373377 -0.147090914070  0.114920016952  0.000000000000 -0.003979868586  0.760031876643

Nuclear-Electron attraction matrix: 
-61.580596377126  -7.410822038229   0.000000000000  -0.014473836164   0.000000000000  -1.231685877369  -1.231685877369
 -7.410822038229 -10.009071495857   0.000000000000  -0.176890250827   0.000000000000  -2.977227229417  -2.977227229417
  0.000000000000   0.000000000000  -9.987550702389   0.000000000000   0.000000000000  -1.822241067508   1.822241067508
 -0.014473836164  -0.176890250827   0.000000000000  -9.944043146561   0.000000000000  -1.471788281976  -1.471788281976
  0.000000000000   0.000000000000   0.000000000000   0.000000000000  -9.875876258716   0.000000000000   0.000000000000
 -1.231685877369  -2.977227229417  -1.822241067508  -1.471788281976   0.000000000000  -5.300202905554  -1.067166004975
 -1.231685877369  -2.977227229417   1.822241067508  -1.471788281976   0.000000000000  -1.067166004975  -5.300202905554

Hcore matrix: 
-32.577395951670  -7.578832981193   0.000000000000  -0.014473836164   0.000000000000  -1.240102260945  -1.240102260945
 -7.578832981193  -9.200943519208   0.000000000000  -0.176890250827   0.000000000000  -2.906709856040  -2.906709856040
  0.000000000000   0.000000000000  -7.458819454830   0.000000000000   0.000000000000  -1.675150153439   1.675150153439
 -0.014473836164  -0.176890250827   0.000000000000  -7.415311899002   0.000000000000  -1.356868265023  -1.356868265023
  0.000000000000   0.000000000000   0.000000000000   0.000000000000  -7.347145011157   0.000000000000   0.000000000000
 -1.240102260945  -2.906709856040  -1.675150153439  -1.356868265023   0.000000000000  -4.540171028911  -1.071145873560
 -1.240102260945  -2.906709856040   1.675150153439  -1.356868265023   0.000000000000  -1.071145873560  -4.540171028911

