E[0,0,0,0] = 4.78506556
E[0,0,0,1] = 0.74138038
E[0,0,0,5] = 0.12178535
E[0,0,0,6] = 0.12178535
E[0,0,1,0] = 0.74138038
E[0,0,1,1] = 1.11894691
E[0,0,1,5] = 0.31333414
E[0,0,1,6] = 0.31333414
E[0,0,2,2] = 1.11581385
E[0,0,2,5] = 0.18353858
E[0,0,2,6] = -0.18353858
E[0,0,3,3] = 1.11581385
E[0,0,3,5] = 0.14339605
E[0,0,3,6] = 0.14339605
E[0,0,4,4] = 1.11581385
E[0,0,5,0] = 0.12178535
E[0,0,5,1] = 0.31333414
E[0,0,5,2] = 0.18353858
E[0,0,5,3] = 0.14339605
E[0,0,5,5] = 0.47072333
E[0,0,5,6] = 0.10586445
E[0,0,6,0] = 0.12178535
E[0,0,6,1] = 0.31333414
E[0,0,6,2] = -0.18353858
E[0,0,6,3] = 0.14339605
E[0,0,6,5] = 0.10586445
E[0,0,6,6] = 0.47072333
E[0,1,0,0] = 0.74138038
E[0,1,0,1] = 0.13687339
E[0,1,0,5] = 0.02230924
E[0,1,0,6] = 0.02230924
E[0,1,1,0] = 0.13687339
E[0,1,1,1] = 0.25663341
E[0,1,1,5] = 0.07284011
E[0,1,1,6] = 0.07284011
E[0,1,2,2] = 0.25668400
E[0,1,2,5] = 0.04319774
E[0,1,2,6] = -0.04319774
E[0,1,3,3] = 0.25668400
E[0,1,3,5] = 0.03374977
E[0,1,3,6] = 0.03374977
E[0,1,4,4] = 0.25668400
E[0,1,5,0] = 0.02230924
E[0,1,5,1] = 0.07284011
E[0,1,5,2] = 0.04319774
E[0,1,5,3] = 0.03374977
E[0,1,5,5] = 0.11119181
E[0,1,5,6] = 0.02484761
E[0,1,6,0] = 0.02230924
E[0,1,6,1] = 0.07284011
E[0,1,6,2] = -0.04319774
E[0,1,6,3] = 0.03374977
E[0,1,6,5] = 0.02484761
E[0,1,6,6] = 0.11119181
E[0,2,0,2] = 0.02447741
E[0,2,0,5] = 0.00080739
E[0,2,0,6] = -0.00080739
E[0,2,1,2] = 0.03780861
E[0,2,1,5] = 0.00431716
E[0,2,1,6] = -0.00431716
E[0,2,2,0] = 0.02447741
E[0,2,2,1] = 0.03780861
E[0,2,2,5] = 0.00964473
E[0,2,2,6] = 0.00964473
E[0,2,3,5] = 0.00174492
E[0,2,3,6] = -0.00174492
E[0,2,5,0] = 0.00080739
E[0,2,5,1] = 0.00431716
E[0,2,5,2] = 0.00964473
E[0,2,5,3] = 0.00174492
E[0,2,5,5] = 0.00811543
E[0,2,6,0] = -0.00080739
E[0,2,6,1] = -0.00431716
E[0,2,6,2] = 0.00964473
E[0,2,6,3] = -0.00174492
E[0,2,6,6] = -0.00811543
E[0,3,0,3] = 0.02447741
E[0,3,0,5] = 0.00063080
E[0,3,0,6] = 0.00063080
E[0,3,1,3] = 0.03780861
E[0,3,1,5] = 0.00337294
E[0,3,1,6] = 0.00337294
E[0,3,2,5] = 0.00174492
E[0,3,2,6] = -0.00174492
E[0,3,3,0] = 0.02447741
E[0,3,3,1] = 0.03780861
E[0,3,3,5] = 0.00877461
E[0,3,3,6] = 0.00877461
E[0,3,5,0] = 0.00063080
E[0,3,5,1] = 0.00337294
E[0,3,5,2] = 0.00174492
E[0,3,5,3] = 0.00877461
E[0,3,5,5] = 0.00634047
E[0,3,5,6] = 0.00178049
E[0,3,6,0] = 0.00063080
E[0,3,6,1] = 0.00337294
E[0,3,6,2] = -0.00174492
E[0,3,6,3] = 0.00877461
E[0,3,6,5] = 0.00178049
E[0,3,6,6] = 0.00634047
E[0,4,0,4] = 0.02447741
E[0,4,1,4] = 0.03780861
E[0,4,4,0] = 0.02447741
E[0,4,4,1] = 0.03780861
E[0,4,4,5] = 0.00741133
E[0,4,4,6] = 0.00741133
E[0,4,5,4] = 0.00741133
E[0,4,6,4] = 0.00741133
E[0,5,0,0] = 0.12178535
E[0,5,0,1] = 0.02230924
E[0,5,0,2] = 0.00080739
E[0,5,0,3] = 0.00063080
E[0,5,0,5] = 0.00368311
E[0,5,0,6] = 0.00362635
E[0,5,1,0] = 0.02230924
E[0,5,1,1] = 0.04161162
E[0,5,1,2] = 0.00151911
E[0,5,1,3] = 0.00118686
E[0,5,1,5] = 0.01212162
E[0,5,1,6] = 0.01173809
E[0,5,2,0] = 0.00080739
E[0,5,2,1] = 0.00151911
E[0,5,2,2] = 0.04168595
E[0,5,2,3] = 0.00012185
E[0,5,2,5] = 0.00748764
E[0,5,2,6] = -0.00666161
E[0,5,3,0] = 0.00063080
E[0,5,3,1] = 0.00118686
E[0,5,3,2] = 0.00012185
E[0,5,3,3] = 0.04162519
E[0,5,3,5] = 0.00584999
E[0,5,3,6] = 0.00567057
E[0,5,4,4] = 0.04152999
E[0,5,5,0] = 0.00368311
E[0,5,5,1] = 0.01212162
E[0,5,5,2] = 0.00748764
E[0,5,5,3] = 0.00584999
E[0,5,5,5] = 0.01864109
E[0,5,5,6] = 0.00409177
E[0,5,6,0] = 0.00362635
E[0,5,6,1] = 0.01173809
E[0,5,6,2] = -0.00666161
E[0,5,6,3] = 0.00567057
E[0,5,6,5] = 0.00409177
E[0,5,6,6] = 0.01789093
E[0,6,0,0] = 0.12178535
E[0,6,0,1] = 0.02230924
E[0,6,0,2] = -0.00080739
E[0,6,0,3] = 0.00063080
E[0,6,0,5] = 0.00362635
E[0,6,0,6] = 0.00368311
E[0,6,1,0] = 0.02230924
E[0,6,1,1] = 0.04161162
E[0,6,1,2] = -0.00151911
E[0,6,1,3] = 0.00118686
E[0,6,1,5] = 0.01173809
E[0,6,1,6] = 0.01212162
E[0,6,2,0] = -0.00080739
E[0,6,2,1] = -0.00151911
E[0,6,2,2] = 0.04168595
E[0,6,2,3] = -0.00012185
E[0,6,2,5] = 0.00666161
E[0,6,2,6] = -0.00748764
E[0,6,3,0] = 0.00063080
E[0,6,3,1] = 0.00118686
E[0,6,3,2] = -0.00012185
E[0,6,3,3] = 0.04162519
E[0,6,3,5] = 0.00567057
E[0,6,3,6] = 0.00584999
E[0,6,4,4] = 0.04152999
E[0,6,5,0] = 0.00362635
E[0,6,5,1] = 0.01173809
E[0,6,5,2] = 0.00666161
E[0,6,5,3] = 0.00567057
E[0,6,5,5] = 0.01789093
E[0,6,5,6] = 0.00409177
E[0,6,6,0] = 0.00368311
E[0,6,6,1] = 0.01212162
E[0,6,6,2] = -0.00748764
E[0,6,6,3] = 0.00584999
E[0,6,6,5] = 0.00409177
E[0,6,6,6] = 0.01864109
E[1,0,0,0] = 0.74138038
E[1,0,0,1] = 0.13687339
E[1,0,0,5] = 0.02230924
E[1,0,0,6] = 0.02230924
E[1,0,1,0] = 0.13687339
E[1,0,1,1] = 0.25663341
E[1,0,1,5] = 0.07284011
E[1,0,1,6] = 0.07284011
E[1,0,2,2] = 0.25668400
E[1,0,2,5] = 0.04319774
E[1,0,2,6] = -0.04319774
E[1,0,3,3] = 0.25668400
E[1,0,3,5] = 0.03374977
E[1,0,3,6] = 0.03374977
E[1,0,4,4] = 0.25668400
E[1,0,5,0] = 0.02230924
E[1,0,5,1] = 0.07284011
E[1,0,5,2] = 0.04319774
E[1,0,5,3] = 0.03374977
E[1,0,5,5] = 0.11119181
E[1,0,5,6] = 0.02484761
E[1,0,6,0] = 0.02230924
E[1,0,6,1] = 0.07284011
E[1,0,6,2] = -0.04319774
E[1,0,6,3] = 0.03374977
E[1,0,6,5] = 0.02484761
E[1,0,6,6] = 0.11119181
E[1,1,0,0] = 1.11894691
E[1,1,0,1] = 0.25663341
E[1,1,0,5] = 0.04161162
E[1,1,0,6] = 0.04161162
E[1,1,1,0] = 0.25663341
E[1,1,1,1] = 0.81720637
E[1,1,1,5] = 0.25888450
E[1,1,1,6] = 0.25888450
E[1,1,2,2] = 0.81702264
E[1,1,2,5] = 0.16391046
E[1,1,2,6] = -0.16391046
E[1,1,3,3] = 0.81702264
E[1,1,3,5] = 0.12806089
E[1,1,3,6] = 0.12806089
E[1,1,4,4] = 0.81702264
E[1,1,5,0] = 0.04161162
E[1,1,5,1] = 0.25888450
E[1,1,5,2] = 0.16391046
E[1,1,5,3] = 0.12806089
E[1,1,5,5] = 0.45466067
E[1,1,5,6] = 0.09619309
E[1,1,6,0] = 0.04161162
E[1,1,6,1] = 0.25888450
E[1,1,6,2] = -0.16391046
E[1,1,6,3] = 0.12806089
E[1,1,6,5] = 0.09619309
E[1,1,6,6] = 0.45466067
E[1,2,0,2] = 0.03780861
E[1,2,0,5] = 0.00151911
E[1,2,0,6] = -0.00151911
E[1,2,1,2] = 0.18051840
E[1,2,1,5] = 0.03377459
E[1,2,1,6] = -0.03377459
E[1,2,2,0] = 0.03780861
E[1,2,2,1] = 0.18051840
E[1,2,2,5] = 0.06401212
E[1,2,2,6] = 0.06401212
E[1,2,3,5] = 0.01570976
E[1,2,3,6] = -0.01570976
E[1,2,5,0] = 0.00151911
E[1,2,5,1] = 0.03377459
E[1,2,5,2] = 0.06401212
E[1,2,5,3] = 0.01570976
E[1,2,5,5] = 0.08885024
E[1,2,6,0] = -0.00151911
E[1,2,6,1] = -0.03377459
E[1,2,6,2] = 0.06401212
E[1,2,6,3] = -0.01570976
E[1,2,6,6] = -0.08885024
E[1,3,0,3] = 0.03780861
E[1,3,0,5] = 0.00118686
E[1,3,0,6] = 0.00118686
E[1,3,1,3] = 0.18051840
E[1,3,1,5] = 0.02638760
E[1,3,1,6] = 0.02638760
E[1,3,2,5] = 0.01570976
E[1,3,2,6] = -0.01570976
E[1,3,3,0] = 0.03780861
E[1,3,3,1] = 0.18051840
E[1,3,3,5] = 0.05617836
E[1,3,3,6] = 0.05617836
E[1,3,5,0] = 0.00118686
E[1,3,5,1] = 0.02638760
E[1,3,5,2] = 0.01570976
E[1,3,5,3] = 0.05617836
E[1,3,5,5] = 0.06941742
E[1,3,5,6] = 0.01673837
E[1,3,6,0] = 0.00118686
E[1,3,6,1] = 0.02638760
E[1,3,6,2] = -0.01570976
E[1,3,6,3] = 0.05617836
E[1,3,6,5] = 0.01673837
E[1,3,6,6] = 0.06941742
E[1,4,0,4] = 0.03780861
E[1,4,1,4] = 0.18051840
E[1,4,4,0] = 0.03780861
E[1,4,4,1] = 0.18051840
E[1,4,4,5] = 0.04390455
E[1,4,4,6] = 0.04390455
E[1,4,5,4] = 0.04390455
E[1,4,6,4] = 0.04390455
E[1,5,0,0] = 0.31333414
E[1,5,0,1] = 0.07284011
E[1,5,0,2] = 0.00431716
E[1,5,0,3] = 0.00337294
E[1,5,0,5] = 0.01212162
E[1,5,0,6] = 0.01173809
E[1,5,1,0] = 0.07284011
E[1,5,1,1] = 0.25888450
E[1,5,1,2] = 0.03377459
E[1,5,1,3] = 0.02638760
E[1,5,1,5] = 0.10381656
E[1,5,1,6] = 0.08280531
E[1,5,2,0] = 0.00431716
E[1,5,2,1] = 0.03377459
E[1,5,2,2] = 0.26263543
E[1,5,2,3] = 0.00646936
E[1,5,2,5] = 0.07987622
E[1,5,2,6] = -0.04424169
E[1,5,3,0] = 0.00337294
E[1,5,3,1] = 0.02638760
E[1,5,3,2] = 0.00646936
E[1,5,3,3] = 0.25940945
E[1,5,3,5] = 0.06240615
E[1,5,3,6] = 0.04836076
E[1,5,4,4] = 0.25435503
E[1,5,5,0] = 0.01212162
E[1,5,5,1] = 0.10381656
E[1,5,5,2] = 0.07987622
E[1,5,5,3] = 0.06240615
E[1,5,5,5] = 0.23542095
E[1,5,5,6] = 0.03841549
E[1,5,6,0] = 0.01173809
E[1,5,6,1] = 0.08280531
E[1,5,6,2] = -0.04424169
E[1,5,6,3] = 0.04836076
E[1,5,6,5] = 0.03841549
E[1,5,6,6] = 0.15192459
E[1,6,0,0] = 0.31333414
E[1,6,0,1] = 0.07284011
E[1,6,0,2] = -0.00431716
E[1,6,0,3] = 0.00337294
E[1,6,0,5] = 0.01173809
E[1,6,0,6] = 0.01212162
E[1,6,1,0] = 0.07284011
E[1,6,1,1] = 0.25888450
E[1,6,1,2] = -0.03377459
E[1,6,1,3] = 0.02638760
E[1,6,1,5] = 0.08280531
E[1,6,1,6] = 0.10381656
E[1,6,2,0] = -0.00431716
E[1,6,2,1] = -0.03377459
E[1,6,2,2] = 0.26263543
E[1,6,2,3] = -0.00646936
E[1,6,2,5] = 0.04424169
E[1,6,2,6] = -0.07987622
E[1,6,3,0] = 0.00337294
E[1,6,3,1] = 0.02638760
E[1,6,3,2] = -0.00646936
E[1,6,3,3] = 0.25940945
E[1,6,3,5] = 0.04836076
E[1,6,3,6] = 0.06240615
E[1,6,4,4] = 0.25435503
E[1,6,5,0] = 0.01173809
E[1,6,5,1] = 0.08280531
E[1,6,5,2] = 0.04424169
E[1,6,5,3] = 0.04836076
E[1,6,5,5] = 0.15192459
E[1,6,5,6] = 0.03841549
E[1,6,6,0] = 0.01212162
E[1,6,6,1] = 0.10381656
E[1,6,6,2] = -0.07987622
E[1,6,6,3] = 0.06240615
E[1,6,6,5] = 0.03841549
E[1,6,6,6] = 0.23542095
E[2,0,0,2] = 0.02447741
E[2,0,0,5] = 0.00080739
E[2,0,0,6] = -0.00080739
E[2,0,1,2] = 0.03780861
E[2,0,1,5] = 0.00431716
E[2,0,1,6] = -0.00431716
E[2,0,2,0] = 0.02447741
E[2,0,2,1] = 0.03780861
E[2,0,2,5] = 0.00964473
E[2,0,2,6] = 0.00964473
E[2,0,3,5] = 0.00174492
E[2,0,3,6] = -0.00174492
E[2,0,5,0] = 0.00080739
E[2,0,5,1] = 0.00431716
E[2,0,5,2] = 0.00964473
E[2,0,5,3] = 0.00174492
E[2,0,5,5] = 0.00811543
E[2,0,6,0] = -0.00080739
E[2,0,6,1] = -0.00431716
E[2,0,6,2] = 0.00964473
E[2,0,6,3] = -0.00174492
E[2,0,6,6] = -0.00811543
E[2,1,0,2] = 0.03780861
E[2,1,0,5] = 0.00151911
E[2,1,0,6] = -0.00151911
E[2,1,1,2] = 0.18051840
E[2,1,1,5] = 0.03377459
E[2,1,1,6] = -0.03377459
E[2,1,2,0] = 0.03780861
E[2,1,2,1] = 0.18051840
E[2,1,2,5] = 0.06401212
E[2,1,2,6] = 0.06401212
E[2,1,3,5] = 0.01570976
E[2,1,3,6] = -0.01570976
E[2,1,5,0] = 0.00151911
E[2,1,5,1] = 0.03377459
E[2,1,5,2] = 0.06401212
E[2,1,5,3] = 0.01570976
E[2,1,5,5] = 0.08885024
E[2,1,6,0] = -0.00151911
E[2,1,6,1] = -0.03377459
E[2,1,6,2] = 0.06401212
E[2,1,6,3] = -0.01570976
E[2,1,6,6] = -0.08885024
E[2,2,0,0] = 1.11581385
E[2,2,0,1] = 0.25668400
E[2,2,0,5] = 0.04168595
E[2,2,0,6] = 0.04168595
E[2,2,1,0] = 0.25668400
E[2,2,1,1] = 0.81702264
E[2,2,1,5] = 0.26263543
E[2,2,1,6] = 0.26263543
E[2,2,2,2] = 0.88015913
E[2,2,2,5] = 0.17536543
E[2,2,2,6] = -0.17536543
E[2,2,3,3] = 0.78527023
E[2,2,3,5] = 0.12621078
E[2,2,3,6] = 0.12621078
E[2,2,4,4] = 0.78527023
E[2,2,5,0] = 0.04168595
E[2,2,5,1] = 0.26263543
E[2,2,5,2] = 0.17536543
E[2,2,5,3] = 0.12621078
E[2,2,5,5] = 0.46976211
E[2,2,5,6] = 0.09580682
E[2,2,6,0] = 0.04168595
E[2,2,6,1] = 0.26263543
E[2,2,6,2] = -0.17536543
E[2,2,6,3] = 0.12621078
E[2,2,6,5] = 0.09580682
E[2,2,6,6] = 0.46976211
E[2,3,0,5] = 0.00012185
E[2,3,0,6] = -0.00012185
E[2,3,1,5] = 0.00646936
E[2,3,1,6] = -0.00646936
E[2,3,2,3] = 0.04744445
E[2,3,2,5] = 0.00928276
E[2,3,2,6] = 0.00928276
E[2,3,3,2] = 0.04744445
E[2,3,3,5] = 0.00994515
E[2,3,3,6] = -0.00994515
E[2,3,5,0] = 0.00012185
E[2,3,5,1] = 0.00646936
E[2,3,5,2] = 0.00928276
E[2,3,5,3] = 0.00994515
E[2,3,5,5] = 0.02579172
E[2,3,6,0] = -0.00012185
E[2,3,6,1] = -0.00646936
E[2,3,6,2] = 0.00928276
E[2,3,6,3] = -0.00994515
E[2,3,6,6] = -0.02579172
E[2,4,2,4] = 0.04744445
E[2,4,4,2] = 0.04744445
E[2,4,4,5] = 0.00691150
E[2,4,4,6] = -0.00691150
E[2,4,5,4] = 0.00691150
E[2,4,6,4] = -0.00691150
E[2,5,0,0] = 0.18353858
E[2,5,0,1] = 0.04319774
E[2,5,0,2] = 0.00964473
E[2,5,0,3] = 0.00174492
E[2,5,0,5] = 0.00748764
E[2,5,0,6] = 0.00666161
E[2,5,1,0] = 0.04319774
E[2,5,1,1] = 0.16391046
E[2,5,1,2] = 0.06401212
E[2,5,1,3] = 0.01570976
E[2,5,1,5] = 0.07987622
E[2,5,1,6] = 0.04424169
E[2,5,2,0] = 0.00964473
E[2,5,2,1] = 0.06401212
E[2,5,2,2] = 0.17536543
E[2,5,2,3] = 0.00928276
E[2,5,2,5] = 0.07510322
E[2,5,2,6] = -0.01309974
E[2,5,3,0] = 0.00174492
E[2,5,3,1] = 0.01570976
E[2,5,3,2] = 0.00928276
E[2,5,3,3] = 0.15960620
E[2,5,3,5] = 0.04746040
E[2,5,3,6] = 0.02532015
E[2,5,4,4] = 0.15657255
E[2,5,5,0] = 0.00748764
E[2,5,5,1] = 0.07987622
E[2,5,5,2] = 0.07510322
E[2,5,5,3] = 0.04746040
E[2,5,5,5] = 0.20669004
E[2,5,5,6] = 0.02568520
E[2,5,6,0] = 0.00666161
E[2,5,6,1] = 0.04424169
E[2,5,6,2] = -0.01309974
E[2,5,6,3] = 0.02532015
E[2,5,6,5] = 0.02568520
E[2,5,6,6] = 0.07361542
E[2,6,0,0] = -0.18353858
E[2,6,0,1] = -0.04319774
E[2,6,0,2] = 0.00964473
E[2,6,0,3] = -0.00174492
E[2,6,0,5] = -0.00666161
E[2,6,0,6] = -0.00748764
E[2,6,1,0] = -0.04319774
E[2,6,1,1] = -0.16391046
E[2,6,1,2] = 0.06401212
E[2,6,1,3] = -0.01570976
E[2,6,1,5] = -0.04424169
E[2,6,1,6] = -0.07987622
E[2,6,2,0] = 0.00964473
E[2,6,2,1] = 0.06401212
E[2,6,2,2] = -0.17536543
E[2,6,2,3] = 0.00928276
E[2,6,2,5] = -0.01309974
E[2,6,2,6] = 0.07510322
E[2,6,3,0] = -0.00174492
E[2,6,3,1] = -0.01570976
E[2,6,3,2] = 0.00928276
E[2,6,3,3] = -0.15960620
E[2,6,3,5] = -0.02532015
E[2,6,3,6] = -0.04746040
E[2,6,4,4] = -0.15657255
E[2,6,5,0] = -0.00666161
E[2,6,5,1] = -0.04424169
E[2,6,5,2] = -0.01309974
E[2,6,5,3] = -0.02532015
E[2,6,5,5] = -0.07361542
E[2,6,5,6] = -0.02568520
E[2,6,6,0] = -0.00748764
E[2,6,6,1] = -0.07987622
E[2,6,6,2] = 0.07510322
E[2,6,6,3] = -0.04746040
E[2,6,6,5] = -0.02568520
E[2,6,6,6] = -0.20669004
E[3,0,0,3] = 0.02447741
E[3,0,0,5] = 0.00063080
E[3,0,0,6] = 0.00063080
E[3,0,1,3] = 0.03780861
E[3,0,1,5] = 0.00337294
E[3,0,1,6] = 0.00337294
E[3,0,2,5] = 0.00174492
E[3,0,2,6] = -0.00174492
E[3,0,3,0] = 0.02447741
E[3,0,3,1] = 0.03780861
E[3,0,3,5] = 0.00877461
E[3,0,3,6] = 0.00877461
E[3,0,5,0] = 0.00063080
E[3,0,5,1] = 0.00337294
E[3,0,5,2] = 0.00174492
E[3,0,5,3] = 0.00877461
E[3,0,5,5] = 0.00634047
E[3,0,5,6] = 0.00178049
E[3,0,6,0] = 0.00063080
E[3,0,6,1] = 0.00337294
E[3,0,6,2] = -0.00174492
E[3,0,6,3] = 0.00877461
E[3,0,6,5] = 0.00178049
E[3,0,6,6] = 0.00634047
E[3,1,0,3] = 0.03780861
E[3,1,0,5] = 0.00118686
E[3,1,0,6] = 0.00118686
E[3,1,1,3] = 0.18051840
E[3,1,1,5] = 0.02638760
E[3,1,1,6] = 0.02638760
E[3,1,2,5] = 0.01570976
E[3,1,2,6] = -0.01570976
E[3,1,3,0] = 0.03780861
E[3,1,3,1] = 0.18051840
E[3,1,3,5] = 0.05617836
E[3,1,3,6] = 0.05617836
E[3,1,5,0] = 0.00118686
E[3,1,5,1] = 0.02638760
E[3,1,5,2] = 0.01570976
E[3,1,5,3] = 0.05617836
E[3,1,5,5] = 0.06941742
E[3,1,5,6] = 0.01673837
E[3,1,6,0] = 0.00118686
E[3,1,6,1] = 0.02638760
E[3,1,6,2] = -0.01570976
E[3,1,6,3] = 0.05617836
E[3,1,6,5] = 0.01673837
E[3,1,6,6] = 0.06941742
E[3,2,0,5] = 0.00012185
E[3,2,0,6] = -0.00012185
E[3,2,1,5] = 0.00646936
E[3,2,1,6] = -0.00646936
E[3,2,2,3] = 0.04744445
E[3,2,2,5] = 0.00928276
E[3,2,2,6] = 0.00928276
E[3,2,3,2] = 0.04744445
E[3,2,3,5] = 0.00994515
E[3,2,3,6] = -0.00994515
E[3,2,5,0] = 0.00012185
E[3,2,5,1] = 0.00646936
E[3,2,5,2] = 0.00928276
E[3,2,5,3] = 0.00994515
E[3,2,5,5] = 0.02579172
E[3,2,6,0] = -0.00012185
E[3,2,6,1] = -0.00646936
E[3,2,6,2] = 0.00928276
E[3,2,6,3] = -0.00994515
E[3,2,6,6] = -0.02579172
E[3,3,0,0] = 1.11581385
E[3,3,0,1] = 0.25668400
E[3,3,0,5] = 0.04162519
E[3,3,0,6] = 0.04162519
E[3,3,1,0] = 0.25668400
E[3,3,1,1] = 0.81702264
E[3,3,1,5] = 0.25940945
E[3,3,1,6] = 0.25940945
E[3,3,2,2] = 0.78527023
E[3,3,2,5] = 0.15960620
E[3,3,2,6] = -0.15960620
E[3,3,3,3] = 0.88015913
E[3,3,3,5] = 0.13549774
E[3,3,3,6] = 0.13549774
E[3,3,4,4] = 0.78527023
E[3,3,5,0] = 0.04162519
E[3,3,5,1] = 0.25940945
E[3,3,5,2] = 0.15960620
E[3,3,5,3] = 0.13549774
E[3,3,5,5] = 0.45690091
E[3,3,5,6] = 0.09876235
E[3,3,6,0] = 0.04162519
E[3,3,6,1] = 0.25940945
E[3,3,6,2] = -0.15960620
E[3,3,6,3] = 0.13549774
E[3,3,6,5] = 0.09876235
E[3,3,6,6] = 0.45690091
E[3,4,3,4] = 0.04744445
E[3,4,4,3] = 0.04744445
E[3,4,4,5] = 0.00539985
E[3,4,4,6] = 0.00539985
E[3,4,5,4] = 0.00539985
E[3,4,6,4] = 0.00539985
E[3,5,0,0] = 0.14339605
E[3,5,0,1] = 0.03374977
E[3,5,0,2] = 0.00174492
E[3,5,0,3] = 0.00877461
E[3,5,0,5] = 0.00584999
E[3,5,0,6] = 0.00567057
E[3,5,1,0] = 0.03374977
E[3,5,1,1] = 0.12806089
E[3,5,1,2] = 0.01570976
E[3,5,1,3] = 0.05617836
E[3,5,1,5] = 0.06240615
E[3,5,1,6] = 0.04836076
E[3,5,2,0] = 0.00174492
E[3,5,2,1] = 0.01570976
E[3,5,2,2] = 0.12621078
E[3,5,2,3] = 0.00994515
E[3,5,2,5] = 0.04746040
E[3,5,2,6] = -0.02532015
E[3,5,3,0] = 0.00877461
E[3,5,3,1] = 0.05617836
E[3,5,3,2] = 0.00994515
E[3,5,3,3] = 0.13549774
E[3,5,3,5] = 0.05143681
E[3,5,3,6] = 0.03885787
E[3,5,4,4] = 0.12232788
E[3,5,5,0] = 0.00584999
E[3,5,5,1] = 0.06240615
E[3,5,5,2] = 0.04746040
E[3,5,5,3] = 0.05143681
E[3,5,5,5] = 0.16148396
E[3,5,5,6] = 0.02597445
E[3,5,6,0] = 0.00567057
E[3,5,6,1] = 0.04836076
E[3,5,6,2] = -0.02532015
E[3,5,6,3] = 0.03885787
E[3,5,6,5] = 0.02597445
E[3,5,6,6] = 0.09675217
E[3,6,0,0] = 0.14339605
E[3,6,0,1] = 0.03374977
E[3,6,0,2] = -0.00174492
E[3,6,0,3] = 0.00877461
E[3,6,0,5] = 0.00567057
E[3,6,0,6] = 0.00584999
E[3,6,1,0] = 0.03374977
E[3,6,1,1] = 0.12806089
E[3,6,1,2] = -0.01570976
E[3,6,1,3] = 0.05617836
E[3,6,1,5] = 0.04836076
E[3,6,1,6] = 0.06240615
E[3,6,2,0] = -0.00174492
E[3,6,2,1] = -0.01570976
E[3,6,2,2] = 0.12621078
E[3,6,2,3] = -0.00994515
E[3,6,2,5] = 0.02532015
E[3,6,2,6] = -0.04746040
E[3,6,3,0] = 0.00877461
E[3,6,3,1] = 0.05617836
E[3,6,3,2] = -0.00994515
E[3,6,3,3] = 0.13549774
E[3,6,3,5] = 0.03885787
E[3,6,3,6] = 0.05143681
E[3,6,4,4] = 0.12232788
E[3,6,5,0] = 0.00567057
E[3,6,5,1] = 0.04836076
E[3,6,5,2] = 0.02532015
E[3,6,5,3] = 0.03885787
E[3,6,5,5] = 0.09675217
E[3,6,5,6] = 0.02597445
E[3,6,6,0] = 0.00584999
E[3,6,6,1] = 0.06240615
E[3,6,6,2] = -0.04746040
E[3,6,6,3] = 0.05143681
E[3,6,6,5] = 0.02597445
E[3,6,6,6] = 0.16148396
E[4,0,0,4] = 0.02447741
E[4,0,1,4] = 0.03780861
E[4,0,4,0] = 0.02447741
E[4,0,4,1] = 0.03780861
E[4,0,4,5] = 0.00741133
E[4,0,4,6] = 0.00741133
E[4,0,5,4] = 0.00741133
E[4,0,6,4] = 0.00741133
E[4,1,0,4] = 0.03780861
E[4,1,1,4] = 0.18051840
E[4,1,4,0] = 0.03780861
E[4,1,4,1] = 0.18051840
E[4,1,4,5] = 0.04390455
E[4,1,4,6] = 0.04390455
E[4,1,5,4] = 0.04390455
E[4,1,6,4] = 0.04390455
E[4,2,2,4] = 0.04744445
E[4,2,4,2] = 0.04744445
E[4,2,4,5] = 0.00691150
E[4,2,4,6] = -0.00691150
E[4,2,5,4] = 0.00691150
E[4,2,6,4] = -0.00691150
E[4,3,3,4] = 0.04744445
E[4,3,4,3] = 0.04744445
E[4,3,4,5] = 0.00539985
E[4,3,4,6] = 0.00539985
E[4,3,5,4] = 0.00539985
E[4,3,6,4] = 0.00539985
E[4,4,0,0] = 1.11581385
E[4,4,0,1] = 0.25668400
E[4,4,0,5] = 0.04152999
E[4,4,0,6] = 0.04152999
E[4,4,1,0] = 0.25668400
E[4,4,1,1] = 0.81702264
E[4,4,1,5] = 0.25435503
E[4,4,1,6] = 0.25435503
E[4,4,2,2] = 0.78527023
E[4,4,2,5] = 0.15657255
E[4,4,2,6] = -0.15657255
E[4,4,3,3] = 0.78527023
E[4,4,3,5] = 0.12232788
E[4,4,3,6] = 0.12232788
E[4,4,4,4] = 0.88015913
E[4,4,5,0] = 0.04152999
E[4,4,5,1] = 0.25435503
E[4,4,5,2] = 0.15657255
E[4,4,5,3] = 0.12232788
E[4,4,5,5] = 0.43675022
E[4,4,5,6] = 0.09390379
E[4,4,6,0] = 0.04152999
E[4,4,6,1] = 0.25435503
E[4,4,6,2] = -0.15657255
E[4,4,6,3] = 0.12232788
E[4,4,6,5] = 0.09390379
E[4,4,6,6] = 0.43675022
E[4,5,0,4] = 0.00741133
E[4,5,1,4] = 0.04390455
E[4,5,2,4] = 0.00691150
E[4,5,3,4] = 0.00539985
E[4,5,4,0] = 0.00741133
E[4,5,4,1] = 0.04390455
E[4,5,4,2] = 0.00691150
E[4,5,4,3] = 0.00539985
E[4,5,4,5] = 0.01435668
E[4,5,4,6] = 0.01103389
E[4,5,5,4] = 0.01435668
E[4,5,6,4] = 0.01103389
E[4,6,0,4] = 0.00741133
E[4,6,1,4] = 0.04390455
E[4,6,2,4] = -0.00691150
E[4,6,3,4] = 0.00539985
E[4,6,4,0] = 0.00741133
E[4,6,4,1] = 0.04390455
E[4,6,4,2] = -0.00691150
E[4,6,4,3] = 0.00539985
E[4,6,4,5] = 0.01103389
E[4,6,4,6] = 0.01435668
E[4,6,5,4] = 0.01103389
E[4,6,6,4] = 0.01435668
E[5,0,0,0] = 0.12178535
E[5,0,0,1] = 0.02230924
E[5,0,0,2] = 0.00080739
E[5,0,0,3] = 0.00063080
E[5,0,0,5] = 0.00368311
E[5,0,0,6] = 0.00362635
E[5,0,1,0] = 0.02230924
E[5,0,1,1] = 0.04161162
E[5,0,1,2] = 0.00151911
E[5,0,1,3] = 0.00118686
E[5,0,1,5] = 0.01212162
E[5,0,1,6] = 0.01173809
E[5,0,2,0] = 0.00080739
E[5,0,2,1] = 0.00151911
E[5,0,2,2] = 0.04168595
E[5,0,2,3] = 0.00012185
E[5,0,2,5] = 0.00748764
E[5,0,2,6] = -0.00666161
E[5,0,3,0] = 0.00063080
E[5,0,3,1] = 0.00118686
E[5,0,3,2] = 0.00012185
E[5,0,3,3] = 0.04162519
E[5,0,3,5] = 0.00584999
E[5,0,3,6] = 0.00567057
E[5,0,4,4] = 0.04152999
E[5,0,5,0] = 0.00368311
E[5,0,5,1] = 0.01212162
E[5,0,5,2] = 0.00748764
E[5,0,5,3] = 0.00584999
E[5,0,5,5] = 0.01864109
E[5,0,5,6] = 0.00409177
E[5,0,6,0] = 0.00362635
E[5,0,6,1] = 0.01173809
E[5,0,6,2] = -0.00666161
E[5,0,6,3] = 0.00567057
E[5,0,6,5] = 0.00409177
E[5,0,6,6] = 0.01789093
E[5,1,0,0] = 0.31333414
E[5,1,0,1] = 0.07284011
E[5,1,0,2] = 0.00431716
E[5,1,0,3] = 0.00337294
E[5,1,0,5] = 0.01212162
E[5,1,0,6] = 0.01173809
E[5,1,1,0] = 0.07284011
E[5,1,1,1] = 0.25888450
E[5,1,1,2] = 0.03377459
E[5,1,1,3] = 0.02638760
E[5,1,1,5] = 0.10381656
E[5,1,1,6] = 0.08280531
E[5,1,2,0] = 0.00431716
E[5,1,2,1] = 0.03377459
E[5,1,2,2] = 0.26263543
E[5,1,2,3] = 0.00646936
E[5,1,2,5] = 0.07987622
E[5,1,2,6] = -0.04424169
E[5,1,3,0] = 0.00337294
E[5,1,3,1] = 0.02638760
E[5,1,3,2] = 0.00646936
E[5,1,3,3] = 0.25940945
E[5,1,3,5] = 0.06240615
E[5,1,3,6] = 0.04836076
E[5,1,4,4] = 0.25435503
E[5,1,5,0] = 0.01212162
E[5,1,5,1] = 0.10381656
E[5,1,5,2] = 0.07987622
E[5,1,5,3] = 0.06240615
E[5,1,5,5] = 0.23542095
E[5,1,5,6] = 0.03841549
E[5,1,6,0] = 0.01173809
E[5,1,6,1] = 0.08280531
E[5,1,6,2] = -0.04424169
E[5,1,6,3] = 0.04836076
E[5,1,6,5] = 0.03841549
E[5,1,6,6] = 0.15192459
E[5,2,0,0] = 0.18353858
E[5,2,0,1] = 0.04319774
E[5,2,0,2] = 0.00964473
E[5,2,0,3] = 0.00174492
E[5,2,0,5] = 0.00748764
E[5,2,0,6] = 0.00666161
E[5,2,1,0] = 0.04319774
E[5,2,1,1] = 0.16391046
E[5,2,1,2] = 0.06401212
E[5,2,1,3] = 0.01570976
E[5,2,1,5] = 0.07987622
E[5,2,1,6] = 0.04424169
E[5,2,2,0] = 0.00964473
E[5,2,2,1] = 0.06401212
E[5,2,2,2] = 0.17536543
E[5,2,2,3] = 0.00928276
E[5,2,2,5] = 0.07510322
E[5,2,2,6] = -0.01309974
E[5,2,3,0] = 0.00174492
E[5,2,3,1] = 0.01570976
E[5,2,3,2] = 0.00928276
E[5,2,3,3] = 0.15960620
E[5,2,3,5] = 0.04746040
E[5,2,3,6] = 0.02532015
E[5,2,4,4] = 0.15657255
E[5,2,5,0] = 0.00748764
E[5,2,5,1] = 0.07987622
E[5,2,5,2] = 0.07510322
E[5,2,5,3] = 0.04746040
E[5,2,5,5] = 0.20669004
E[5,2,5,6] = 0.02568520
E[5,2,6,0] = 0.00666161
E[5,2,6,1] = 0.04424169
E[5,2,6,2] = -0.01309974
E[5,2,6,3] = 0.02532015
E[5,2,6,5] = 0.02568520
E[5,2,6,6] = 0.07361542
E[5,3,0,0] = 0.14339605
E[5,3,0,1] = 0.03374977
E[5,3,0,2] = 0.00174492
E[5,3,0,3] = 0.00877461
E[5,3,0,5] = 0.00584999
E[5,3,0,6] = 0.00567057
E[5,3,1,0] = 0.03374977
E[5,3,1,1] = 0.12806089
E[5,3,1,2] = 0.01570976
E[5,3,1,3] = 0.05617836
E[5,3,1,5] = 0.06240615
E[5,3,1,6] = 0.04836076
E[5,3,2,0] = 0.00174492
E[5,3,2,1] = 0.01570976
E[5,3,2,2] = 0.12621078
E[5,3,2,3] = 0.00994515
E[5,3,2,5] = 0.04746040
E[5,3,2,6] = -0.02532015
E[5,3,3,0] = 0.00877461
E[5,3,3,1] = 0.05617836
E[5,3,3,2] = 0.00994515
E[5,3,3,3] = 0.13549774
E[5,3,3,5] = 0.05143681
E[5,3,3,6] = 0.03885787
E[5,3,4,4] = 0.12232788
E[5,3,5,0] = 0.00584999
E[5,3,5,1] = 0.06240615
E[5,3,5,2] = 0.04746040
E[5,3,5,3] = 0.05143681
E[5,3,5,5] = 0.16148396
E[5,3,5,6] = 0.02597445
E[5,3,6,0] = 0.00567057
E[5,3,6,1] = 0.04836076
E[5,3,6,2] = -0.02532015
E[5,3,6,3] = 0.03885787
E[5,3,6,5] = 0.02597445
E[5,3,6,6] = 0.09675217
E[5,4,0,4] = 0.00741133
E[5,4,1,4] = 0.04390455
E[5,4,2,4] = 0.00691150
E[5,4,3,4] = 0.00539985
E[5,4,4,0] = 0.00741133
E[5,4,4,1] = 0.04390455
E[5,4,4,2] = 0.00691150
E[5,4,4,3] = 0.00539985
E[5,4,4,5] = 0.01435668
E[5,4,4,6] = 0.01103389
E[5,4,5,4] = 0.01435668
E[5,4,6,4] = 0.01103389
E[5,5,0,0] = 0.47072333
E[5,5,0,1] = 0.11119181
E[5,5,0,2] = 0.00811543
E[5,5,0,3] = 0.00634047
E[5,5,0,5] = 0.01864109
E[5,5,0,6] = 0.01789093
E[5,5,1,0] = 0.11119181
E[5,5,1,1] = 0.45466067
E[5,5,1,2] = 0.08885024
E[5,5,1,3] = 0.06941742
E[5,5,1,5] = 0.23542095
E[5,5,1,6] = 0.15192459
E[5,5,2,0] = 0.00811543
E[5,5,2,1] = 0.08885024
E[5,5,2,2] = 0.46976211
E[5,5,2,3] = 0.02579172
E[5,5,2,5] = 0.20669004
E[5,5,2,6] = -0.07361542
E[5,5,3,0] = 0.00634047
E[5,5,3,1] = 0.06941742
E[5,5,3,2] = 0.02579172
E[5,5,3,3] = 0.45690091
E[5,5,3,5] = 0.16148396
E[5,5,3,6] = 0.09675217
E[5,5,4,4] = 0.43675022
E[5,5,5,0] = 0.01864109
E[5,5,5,1] = 0.23542095
E[5,5,5,2] = 0.20669004
E[5,5,5,3] = 0.16148396
E[5,5,5,5] = 0.77460593
E[5,5,5,6] = 0.09135371
E[5,5,6,0] = 0.01789093
E[5,5,6,1] = 0.15192459
E[5,5,6,2] = -0.07361542
E[5,5,6,3] = 0.09675217
E[5,5,6,5] = 0.09135371
E[5,5,6,6] = 0.30253791
E[5,6,0,0] = 0.10586445
E[5,6,0,1] = 0.02484761
E[5,6,0,3] = 0.00178049
E[5,6,0,5] = 0.00409177
E[5,6,0,6] = 0.00409177
E[5,6,1,0] = 0.02484761
E[5,6,1,1] = 0.09619309
E[5,6,1,3] = 0.01673837
E[5,6,1,5] = 0.03841549
E[5,6,1,6] = 0.03841549
E[5,6,2,2] = 0.09580682
E[5,6,2,5] = 0.02568520
E[5,6,2,6] = -0.02568520
E[5,6,3,0] = 0.00178049
E[5,6,3,1] = 0.01673837
E[5,6,3,3] = 0.09876235
E[5,6,3,5] = 0.02597445
E[5,6,3,6] = 0.02597445
E[5,6,4,4] = 0.09390379
E[5,6,5,0] = 0.00409177
E[5,6,5,1] = 0.03841549
E[5,6,5,2] = 0.02568520
E[5,6,5,3] = 0.02597445
E[5,6,5,5] = 0.09135371
E[5,6,5,6] = 0.01786133
E[5,6,6,0] = 0.00409177
E[5,6,6,1] = 0.03841549
E[5,6,6,2] = -0.02568520
E[5,6,6,3] = 0.02597445
E[5,6,6,5] = 0.01786133
E[5,6,6,6] = 0.09135371
E[6,0,0,0] = 0.12178535
E[6,0,0,1] = 0.02230924
E[6,0,0,2] = -0.00080739
E[6,0,0,3] = 0.00063080
E[6,0,0,5] = 0.00362635
E[6,0,0,6] = 0.00368311
E[6,0,1,0] = 0.02230924
E[6,0,1,1] = 0.04161162
E[6,0,1,2] = -0.00151911
E[6,0,1,3] = 0.00118686
E[6,0,1,5] = 0.01173809
E[6,0,1,6] = 0.01212162
E[6,0,2,0] = -0.00080739
E[6,0,2,1] = -0.00151911
E[6,0,2,2] = 0.04168595
E[6,0,2,3] = -0.00012185
E[6,0,2,5] = 0.00666161
E[6,0,2,6] = -0.00748764
E[6,0,3,0] = 0.00063080
E[6,0,3,1] = 0.00118686
E[6,0,3,2] = -0.00012185
E[6,0,3,3] = 0.04162519
E[6,0,3,5] = 0.00567057
E[6,0,3,6] = 0.00584999
E[6,0,4,4] = 0.04152999
E[6,0,5,0] = 0.00362635
E[6,0,5,1] = 0.01173809
E[6,0,5,2] = 0.00666161
E[6,0,5,3] = 0.00567057
E[6,0,5,5] = 0.01789093
E[6,0,5,6] = 0.00409177
E[6,0,6,0] = 0.00368311
E[6,0,6,1] = 0.01212162
E[6,0,6,2] = -0.00748764
E[6,0,6,3] = 0.00584999
E[6,0,6,5] = 0.00409177
E[6,0,6,6] = 0.01864109
E[6,1,0,0] = 0.31333414
E[6,1,0,1] = 0.07284011
E[6,1,0,2] = -0.00431716
E[6,1,0,3] = 0.00337294
E[6,1,0,5] = 0.01173809
E[6,1,0,6] = 0.01212162
E[6,1,1,0] = 0.07284011
E[6,1,1,1] = 0.25888450
E[6,1,1,2] = -0.03377459
E[6,1,1,3] = 0.02638760
E[6,1,1,5] = 0.08280531
E[6,1,1,6] = 0.10381656
E[6,1,2,0] = -0.00431716
E[6,1,2,1] = -0.03377459
E[6,1,2,2] = 0.26263543
E[6,1,2,3] = -0.00646936
E[6,1,2,5] = 0.04424169
E[6,1,2,6] = -0.07987622
E[6,1,3,0] = 0.00337294
E[6,1,3,1] = 0.02638760
E[6,1,3,2] = -0.00646936
E[6,1,3,3] = 0.25940945
E[6,1,3,5] = 0.04836076
E[6,1,3,6] = 0.06240615
E[6,1,4,4] = 0.25435503
E[6,1,5,0] = 0.01173809
E[6,1,5,1] = 0.08280531
E[6,1,5,2] = 0.04424169
E[6,1,5,3] = 0.04836076
E[6,1,5,5] = 0.15192459
E[6,1,5,6] = 0.03841549
E[6,1,6,0] = 0.01212162
E[6,1,6,1] = 0.10381656
E[6,1,6,2] = -0.07987622
E[6,1,6,3] = 0.06240615
E[6,1,6,5] = 0.03841549
E[6,1,6,6] = 0.23542095
E[6,2,0,0] = -0.18353858
E[6,2,0,1] = -0.04319774
E[6,2,0,2] = 0.00964473
E[6,2,0,3] = -0.00174492
E[6,2,0,5] = -0.00666161
E[6,2,0,6] = -0.00748764
E[6,2,1,0] = -0.04319774
E[6,2,1,1] = -0.16391046
E[6,2,1,2] = 0.06401212
E[6,2,1,3] = -0.01570976
E[6,2,1,5] = -0.04424169
E[6,2,1,6] = -0.07987622
E[6,2,2,0] = 0.00964473
E[6,2,2,1] = 0.06401212
E[6,2,2,2] = -0.17536543
E[6,2,2,3] = 0.00928276
E[6,2,2,5] = -0.01309974
E[6,2,2,6] = 0.07510322
E[6,2,3,0] = -0.00174492
E[6,2,3,1] = -0.01570976
E[6,2,3,2] = 0.00928276
E[6,2,3,3] = -0.15960620
E[6,2,3,5] = -0.02532015
E[6,2,3,6] = -0.04746040
E[6,2,4,4] = -0.15657255
E[6,2,5,0] = -0.00666161
E[6,2,5,1] = -0.04424169
E[6,2,5,2] = -0.01309974
E[6,2,5,3] = -0.02532015
E[6,2,5,5] = -0.07361542
E[6,2,5,6] = -0.02568520
E[6,2,6,0] = -0.00748764
E[6,2,6,1] = -0.07987622
E[6,2,6,2] = 0.07510322
E[6,2,6,3] = -0.04746040
E[6,2,6,5] = -0.02568520
E[6,2,6,6] = -0.20669004
E[6,3,0,0] = 0.14339605
E[6,3,0,1] = 0.03374977
E[6,3,0,2] = -0.00174492
E[6,3,0,3] = 0.00877461
E[6,3,0,5] = 0.00567057
E[6,3,0,6] = 0.00584999
E[6,3,1,0] = 0.03374977
E[6,3,1,1] = 0.12806089
E[6,3,1,2] = -0.01570976
E[6,3,1,3] = 0.05617836
E[6,3,1,5] = 0.04836076
E[6,3,1,6] = 0.06240615
E[6,3,2,0] = -0.00174492
E[6,3,2,1] = -0.01570976
E[6,3,2,2] = 0.12621078
E[6,3,2,3] = -0.00994515
E[6,3,2,5] = 0.02532015
E[6,3,2,6] = -0.04746040
E[6,3,3,0] = 0.00877461
E[6,3,3,1] = 0.05617836
E[6,3,3,2] = -0.00994515
E[6,3,3,3] = 0.13549774
E[6,3,3,5] = 0.03885787
E[6,3,3,6] = 0.05143681
E[6,3,4,4] = 0.12232788
E[6,3,5,0] = 0.00567057
E[6,3,5,1] = 0.04836076
E[6,3,5,2] = 0.02532015
E[6,3,5,3] = 0.03885787
E[6,3,5,5] = 0.09675217
E[6,3,5,6] = 0.02597445
E[6,3,6,0] = 0.00584999
E[6,3,6,1] = 0.06240615
E[6,3,6,2] = -0.04746040
E[6,3,6,3] = 0.05143681
E[6,3,6,5] = 0.02597445
E[6,3,6,6] = 0.16148396
E[6,4,0,4] = 0.00741133
E[6,4,1,4] = 0.04390455
E[6,4,2,4] = -0.00691150
E[6,4,3,4] = 0.00539985
E[6,4,4,0] = 0.00741133
E[6,4,4,1] = 0.04390455
E[6,4,4,2] = -0.00691150
E[6,4,4,3] = 0.00539985
E[6,4,4,5] = 0.01103389
E[6,4,4,6] = 0.01435668
E[6,4,5,4] = 0.01103389
E[6,4,6,4] = 0.01435668
E[6,5,0,0] = 0.10586445
E[6,5,0,1] = 0.02484761
E[6,5,0,3] = 0.00178049
E[6,5,0,5] = 0.00409177
E[6,5,0,6] = 0.00409177
E[6,5,1,0] = 0.02484761
E[6,5,1,1] = 0.09619309
E[6,5,1,3] = 0.01673837
E[6,5,1,5] = 0.03841549
E[6,5,1,6] = 0.03841549
E[6,5,2,2] = 0.09580682
E[6,5,2,5] = 0.02568520
E[6,5,2,6] = -0.02568520
E[6,5,3,0] = 0.00178049
E[6,5,3,1] = 0.01673837
E[6,5,3,3] = 0.09876235
E[6,5,3,5] = 0.02597445
E[6,5,3,6] = 0.02597445
E[6,5,4,4] = 0.09390379
E[6,5,5,0] = 0.00409177
E[6,5,5,1] = 0.03841549
E[6,5,5,2] = 0.02568520
E[6,5,5,3] = 0.02597445
E[6,5,5,5] = 0.09135371
E[6,5,5,6] = 0.01786133
E[6,5,6,0] = 0.00409177
E[6,5,6,1] = 0.03841549
E[6,5,6,2] = -0.02568520
E[6,5,6,3] = 0.02597445
E[6,5,6,5] = 0.01786133
E[6,5,6,6] = 0.09135371
E[6,6,0,0] = 0.47072333
E[6,6,0,1] = 0.11119181
E[6,6,0,2] = -0.00811543
E[6,6,0,3] = 0.00634047
E[6,6,0,5] = 0.01789093
E[6,6,0,6] = 0.01864109
E[6,6,1,0] = 0.11119181
E[6,6,1,1] = 0.45466067
E[6,6,1,2] = -0.08885024
E[6,6,1,3] = 0.06941742
E[6,6,1,5] = 0.15192459
E[6,6,1,6] = 0.23542095
E[6,6,2,0] = -0.00811543
E[6,6,2,1] = -0.08885024
E[6,6,2,2] = 0.46976211
E[6,6,2,3] = -0.02579172
E[6,6,2,5] = 0.07361542
E[6,6,2,6] = -0.20669004
E[6,6,3,0] = 0.00634047
E[6,6,3,1] = 0.06941742
E[6,6,3,2] = -0.02579172
E[6,6,3,3] = 0.45690091
E[6,6,3,5] = 0.09675217
E[6,6,3,6] = 0.16148396
E[6,6,4,4] = 0.43675022
E[6,6,5,0] = 0.01789093
E[6,6,5,1] = 0.15192459
E[6,6,5,2] = 0.07361542
E[6,6,5,3] = 0.09675217
E[6,6,5,5] = 0.30253791
E[6,6,5,6] = 0.09135371
E[6,6,6,0] = 0.01864109
E[6,6,6,1] = 0.23542095
E[6,6,6,2] = -0.20669004
E[6,6,6,3] = 0.16148396
E[6,6,6,5] = 0.09135371
E[6,6,6,6] = 0.77460593
